0 0.210176990625 0.13479052656249998 0.16297935 0.154826959375 0.17699115 0.44626593750000004 0.2264011796875 0.42987249531250005 0.210176990625 0.13479052656249998
0 0.26474926249999997 0.4316939890625 0.24852507343750002 0.118397084375 0.21165191718749998 0.1329690359375 0.23008849531250003 0.433515484375 0.26474926249999997 0.4316939890625
0 0.30383480937499996 0.41894353281249996 0.2846607671875 0.10746812343750001 0.2514749265625 0.1165755921875 0.2669616515625 0.433515484375 0.30383480937499996 0.41894353281249996
0 0.3392330390625 0.41347905156250003 0.320058996875 0.09471766875 0.2846607671875 0.10382513593750001 0.3067846609375 0.4244080140625 0.3392330390625 0.41347905156250003
0 0.3768436578125 0.4061930796875 0.35619469062500003 0.08743169375 0.3215339234375 0.09471766875 0.341445428125 0.422586521875 0.3768436578125 0.4061930796875
0 0.4122418875 0.398907103125 0.3952802359375 0.0837887078125 0.356932153125 0.0892531890625 0.38053097343750003 0.41165755937500004 0.4122418875 0.398907103125
0 0.44911504375 0.38433515625000003 0.429941003125 0.067395265625 0.3982300890625 0.0783242265625 0.415929203125 0.398907103125 0.44911504375 0.38433515625000003
0 0.4859882 0.36612021875 0.4675516234375 0.0455373421875 0.42920353906250003 0.061930784375000006 0.452802359375 0.38433515625000003 0.4859882 0.36612021875
0 0.5235988203125 0.3570127515625 0.502949853125 0.036429871875 0.466814159375 0.0473588328125 0.48893805312499994 0.3715847 0.5235988203125 0.3570127515625
0 0.5685840703125 0.316939890625 0.5442477875 0.025500909375000002 0.5051622421874999 0.038251365625 0.5235988203125 0.329690346875 0.5685840703125 0.316939890625
0 0.202802359375 0.5628415296875 0.1556047203125 0.577413478125 0.1600294984375 0.8105646640625 0.21165191718749998 0.7978142078125 0.202802359375 0.5628415296875
0 0.24926253593749997 0.7959927125 0.2382005890625 0.5428051015625 0.2050147484375 0.5555555546875001 0.2146017703125 0.7959927125 0.24926253593749997 0.7959927125
0 0.2824483765625 0.7905282328125 0.27728613593749996 0.5245901640625 0.2404129796875 0.54098360625 0.25294985312499996 0.8014571937499999 0.2824483765625 0.7905282328125
0 0.32079646093749997 0.7868852453125 0.31489675625 0.5100182156249999 0.2787610625 0.5264116578125 0.2846607671875 0.794171221875 0.32079646093749997 0.7868852453125
0 0.3620943953125 0.7723132984375 0.349557521875 0.4990892546875 0.3156342171875 0.508196721875 0.3237463125 0.7832422593749999 0.3620943953125 0.7723132984375
0 0.400442478125 0.7723132984375 0.3849557515625 0.479052821875 0.349557521875 0.4936247734375 0.3687315625 0.7795992703125 0.400442478125 0.7723132984375
0 0.43584070781250006 0.7413479046875 0.4247787609375 0.4808743171875 0.38569321562500003 0.4881602921875 0.401917403125 0.750455375 0.43584070781250006 0.7413479046875
0 0.4719764015625 0.7304189421875 0.458702065625 0.46630236875 0.4247787609375 0.479052821875 0.43805309687499994 0.7431693984375001 0.4719764015625 0.7304189421875
0 0.50811209375 0.721311475 0.4948377578125 0.45173041875 0.46091445468750003 0.464480875 0.47640117968749995 0.7176684890625 0.50811209375 0.721311475
0 0.49262536875 0.422586521875 0.5088495578125001 0.7103825140625 0.547197640625 0.6976320578124999 0.541297934375 0.4881602921875 0.5560471984375 0.4735883421875 0.55235988125 0.391621128125 0.49262536875 0.422586521875
0 0.7323008843750001 0.40437158437500004 0.7352507375 0.4244080140625 0.7728613578125 0.42622950781249996 0.7728613578125 0.4061930796875 0.7883480828125 0.40255009062499997 0.797197640625 0.38797814218750004 0.8030973453125 0.3715847 0.7994100296875 0.2586520953125 0.6924778765624999 0.2641165765625 0.6924778765624999 0.3715847 0.7116519171875 0.3715847 0.7212389375 0.40437158437500004 0.7323008843750001 0.40437158437500004
0 0.7876106187499999 0.1584699453125 0.77212389375 0.143897996875 0.7625368734375 0.12386156562499999 0.7411504421874999 0.12386156562499999 0.7286135703125 0.1402550078125 0.7190265484375 0.1402550078125 0.71312684375 0.18397085468750002 0.687315634375 0.178506375 0.6858407078125001 0.2604735875 0.798672565625 0.2531876140625 0.7964601765625 0.18214936406249999 0.7876106187499999 0.1584699453125
0 0.7448377578125001 0.4553734078125 0.7345132750000001 0.48633879843749994 0.7101769906250001 0.491803278125 0.708702065625 0.515482696875 0.687315634375 0.5264116578125 0.6902654874999999 0.6229508203125 0.8038348093750001 0.6174863390625001 0.7994100296875 0.489981784375 0.77212389375 0.479052821875 0.7640118 0.45901639375 0.7448377578125001 0.4553734078125
0 0.7359882 0.763205828125 0.7441002953125 0.7559198546875 0.7492625359375 0.7795992703125 0.7780235984375 0.777777778125 0.7853982296875001 0.750455375 0.8075221234375001 0.7176684890625 0.8045722703125 0.6193078328125 0.6902654874999999 0.6247723140625 0.6924778765624999 0.7613843359375 0.7359882 0.763205828125
0 0.8893805312499999 0.770491803125 0.8967551625000001 0.7486338796875 0.9137168140625 0.73770491875 0.915191740625 0.71948998125 0.925516225 0.6830601093750001 0.9233038359375 0.63387978125 0.915929203125 0.6156648437500001 0.9137168140625 0.5938069203125 0.8281710921875 0.582877959375 0.8318584078125 0.7431693984375001 0.857669615625 0.7431693984375001 0.85988200625 0.765027321875 0.8893805312499999 0.770491803125
0 0.83702065 0.4990892546875 0.8252212390624999 0.502732240625 0.825958703125 0.5755919859375 0.9166666671874999 0.5865209484375 0.9181415921875 0.5136612015625001 0.9122418874999999 0.5063752265625 0.9100294984374999 0.4699453546875 0.8893805312499999 0.46812386093749997 0.885693215625 0.44444444531249994 0.857669615625 0.44808743125 0.8480825968750001 0.47723133124999995 0.83702065 0.4826958109375 0.83702065 0.4990892546875
0 0.8473451328125 0.42076502656250003 0.8915929203124999 0.4244080140625 0.893805309375 0.40437158437500004 0.9122418874999999 0.38797814218750004 0.9122418874999999 0.3715847 0.9210914453125 0.36612021875 0.9166666671874999 0.29143898125 0.9100294984374999 0.2768670296875 0.9070796453125001 0.2513661203125 0.8207964609375 0.2531876140625 0.8237463125 0.3679417125 0.8407079640624999 0.398907103125 0.8473451328125 0.42076502656250003
0 0.9174041296875 0.18214936406249999 0.90486725625 0.14754098437500002 0.8908554562500001 0.13479052656249998 0.8842182890625001 0.10018215 0.85988200625 0.09836065625 0.8436578171875 0.12204007343750001 0.8082595875 0.129326046875 0.80899705 0.2604735875 0.915929203125 0.2531876140625 0.9174041296875 0.18214936406249999