0 0.17318360156249998 0.3030590921875 0.28345284843749996 0.3116093484375 0.2875118390625 0.20235607031249997 0.17656609375 0.19095572968750002 0.17318360156249998 0.3030590921875
0 0.1772425921875 0.3059091765625 0.17115410625 0.3762112875 0.278717359375 0.3866616 0.2807468546875 0.3154094625 0.1772425921875 0.3059091765625
0 0.2807468546875 0.45791373750000003 0.2820998515625 0.3923617703125 0.172507103125 0.37811134218750003 0.1718306046875 0.45126353750000003 0.21445000625000002 0.45031350937500003 0.2807468546875 0.45791373750000003
0 0.278717359375 0.529165875 0.2814233515625 0.465513965625 0.17115410625 0.45696370937499997 0.17047760781250001 0.521565646875 0.2036260328125 0.5263157890625 0.278717359375 0.529165875
0 0.278040859375 0.6013680421875 0.27939385781250003 0.5396161875 0.16980110937499998 0.5320159609374999 0.17047760781250001 0.5985179546875 0.2503044234375 0.606118184375 0.278040859375 0.6013680421875
0 0.1664186171875 0.66977009375 0.24692193125 0.681170434375 0.2766878640625 0.67832035 0.27939385781250003 0.6070682109375001 0.24286294062499997 0.6099182984375 0.16574211875 0.606118184375 0.1664186171875 0.66977009375
0 0.2719523734375 0.763822915625 0.276011365625 0.6830704921875 0.240156946875 0.6840205203124999 0.1664186171875 0.6726201781250001 0.1664186171875 0.7571727140625 0.2719523734375 0.763822915625
0 0.343661209375 0.16435493125 0.29562982031249996 0.13585407656249998 0.2929238265625 0.24415732499999998 0.3308077390625 0.2660079796875 0.4106345546875 0.25270758125000004 0.4113110546875 0.2308569265625 0.416723040625 0.2232566984375 0.41942903437499995 0.1938058140625 0.41266405156249997 0.189055671875 0.409281559375 0.16435493125 0.343661209375 0.16435493125
0 0.409281559375 0.3002090046875 0.41537004531250005 0.2859585796875 0.414693546875 0.2650579515625 0.400487078125 0.255557665625 0.330131240625 0.2679080375 0.293600325 0.24700740937500001 0.293600325 0.3192095765625 0.330131240625 0.34011020468750003 0.409281559375 0.3268098046875 0.409281559375 0.3002090046875
0 0.29157082968750003 0.3866616 0.32742524687499996 0.4066121984375 0.4031930734375 0.399011971875 0.40454606875000004 0.33060991875 0.330131240625 0.3439103171875 0.292247328125 0.32395971874999996 0.29157082968750003 0.3866616
0 0.2888648359375 0.46836405000000003 0.330131240625 0.48356450781250004 0.400487078125 0.4778643359375 0.40251657500000004 0.40186205625 0.3321607359375 0.41136234062500004 0.2902178328125 0.3904617125 0.2888648359375 0.46836405000000003
0 0.2888648359375 0.5472164171875 0.3281017453125 0.560516815625 0.4011635765625 0.5510165312499999 0.4018400765625 0.48356450781250004 0.330131240625 0.48926467812499996 0.289541334375 0.4721641640625 0.2888648359375 0.5472164171875
0 0.286835340625 0.617518525 0.32607225 0.6298688953125 0.397781084375 0.6194185828125 0.4018400765625 0.5529165859375 0.32877824375000003 0.5652669578125 0.2888648359375 0.5491164734375 0.286835340625 0.617518525
0 0.28548234375 0.6868706062500001 0.3281017453125 0.7011210343750001 0.39981058125 0.692570778125 0.39913408281249996 0.6213186390625001 0.3267487484375 0.6336690109374999 0.2861588421875 0.6213186390625001 0.28548234375 0.6868706062500001
0 0.28345284843749996 0.7714231421875 0.3226897578125 0.774273228125 0.40251657500000004 0.769523084375 0.40251657500000004 0.694470834375 0.3281017453125 0.7058711765625 0.2820998515625 0.689720690625 0.28345284843749996 0.7714231421875
0 0.7448247859375 0.2745582359375 0.7502367750000001 0.1776553296875 0.684616425 0.187155615625 0.6230550671875 0.1615048453125 0.6176430796875 0.266958009375 0.675145446875 0.28975869374999996 0.7448247859375 0.2745582359375
0 0.6156135828125 0.2707581234375 0.6149370859375 0.346760403125 0.6792044390624999 0.36006080156250003 0.7427952921875 0.34771043125 0.7448247859375 0.2793083796875 0.67649844375 0.2945088359375 0.6156135828125 0.2707581234375
0 0.6156135828125 0.3515105453125 0.6142605875 0.4170625125 0.6771749421875 0.4322629671875 0.7394128 0.41136234062500004 0.7400892984375 0.353410603125 0.683263428125 0.363860915625 0.6156135828125 0.3515105453125
0 0.6156135828125 0.4218126546875 0.612231090625 0.4921147640625 0.6798809359375 0.5035151046874999 0.7387363 0.48071442031249995 0.7400892984375 0.416112484375 0.677851440625 0.43701310937500004 0.6156135828125 0.4218126546875
0 0.612231090625 0.49686490625 0.612907590625 0.560516815625 0.675145446875 0.577617328125 0.7353538078125 0.5652669578125 0.73670680625 0.4864145921875 0.6866459203125 0.508265246875 0.612231090625 0.49686490625
0 0.61155459375 0.562416871875 0.6074956031250001 0.6346190375 0.673115953125 0.64601938125 0.729941821875 0.6403192093750001 0.7340008124999999 0.5709671281250001 0.6717629546875 0.5795173859375 0.61155459375 0.562416871875
0 0.6068191046875 0.6355690671875001 0.604789609375 0.7020710609374999 0.669733459375 0.72392171875 0.7285888234375 0.712521375 0.7306183203125001 0.6441193234375 0.6704099578125 0.6507695234375 0.6068191046875 0.6355690671875001
0 0.6027601125000001 0.77522325625 0.6622919765625 0.8027740828125 0.727235828125 0.7799733984375 0.7265593296875 0.7191715765625 0.6683804624999999 0.7286718609375 0.604789609375 0.7049211484375 0.6027601125000001 0.77522325625
0 0.9247733734375 0.6707201203125 0.9146258953125 0.6213186390625001 0.8239751046875 0.6270188109375 0.7685022328125 0.603268096875 0.7630902453124999 0.70397111875 0.8165336218749999 0.7201216031250001 0.9139493984374999 0.703021090625 0.9247733734375 0.6707201203125
0 0.917331890625 0.6222686671875 0.9295088625 0.5928177859375 0.9220673796875 0.5510165312499999 0.8232986062500001 0.551966559375 0.770531728125 0.528215846875 0.7685022328125 0.5956678703125 0.824651603125 0.623218696875 0.917331890625 0.6222686671875
0 0.7745907187500001 0.465513965625 0.7712082265625 0.522515675 0.821945609375 0.5481664453125 0.9186848875000001 0.553866615625 0.930861859375 0.5263157890625 0.9220673796875 0.47691430625000003 0.8226221078125 0.48071442031249995 0.7745907187500001 0.465513965625
0 0.8226221078125 0.4788143640625 0.9254498718749999 0.47121413749999996 0.936273846875 0.45221356718749994 0.9234203765625001 0.40091202656249997 0.8266810984375 0.40566217031249996 0.7772967125 0.3885616578125 0.775943715625 0.45791373750000003 0.8226221078125 0.4788143640625
0 0.7766202140625 0.3144594328125 0.775943715625 0.3866616 0.824651603125 0.40471214062499994 0.9247733734375 0.40091202656249997 0.9383033421875 0.3771613140625 0.9213908796875 0.3220596625 0.8253281015624999 0.333460003125 0.7766202140625 0.3144594328125
0 0.9234203765625001 0.3220596625 0.9355973484375 0.31065931875 0.9227438781249999 0.2574577234375 0.8334460828125 0.25935778125 0.7772967125 0.24225726718749999 0.7752672171875 0.3154094625 0.8307400890625001 0.33060991875 0.9234203765625001 0.3220596625
0 0.8307400890625001 0.1795553859375 0.7820322015625 0.167205015625 0.78000270625 0.2337070109375 0.8307400890625001 0.253657609375 0.9213908796875 0.24605738124999998 0.9247733734375 0.27265818125 0.9572452984375 0.27645829375000003 0.9653632796875 0.229906896875 0.9585982953125001 0.1824054734375 0.9295088625 0.18145544375 0.9098904078125001 0.171955159375 0.8307400890625001 0.1795553859375