0 0.13190544531249998 0.0019208609375 0.133211440625 0.0480215125 0.17369727031249999 0.046100653125 0.17696225625 0.065309259375 0.24944495312499998 0.06434882812500001 0.250750946875 0.0384172109375 0.2429149796875 0.039377640625 0.2429149796875 0 0.13190544531249998 0.0019208609375
0 0.150842365625 0.12869765625000001 0.1345174359375 0.1277372265625 0.1305994515625 0.1853630421875 0.176309259375 0.19400691406249998 0.2429149796875 0.1834421828125 0.244873971875 0.11044948125000001 0.1625963171875 0.10756818906250001 0.1469243828125 0.112370340625 0.150842365625 0.12869765625000001
0 0.21940707812500002 0.253553590625 0.21810108437500003 0.1844026125 0.17369727031249999 0.1911256234375 0.13386443750000002 0.1853630421875 0.1345174359375 0.2564348828125 0.21940707812500002 0.253553590625
0 0.175003265625 0.40818286718749996 0.220060075 0.3976181328125 0.2174480875 0.32750672187499996 0.137782421875 0.32750672187499996 0.1358234296875 0.40242028437500005 0.175003265625 0.40818286718749996
0 0.1345174359375 0.47733384531249995 0.2213660703125 0.4715712640625 0.22071307343750002 0.39857856406250003 0.17892124843749999 0.41106415625 0.1345174359375 0.40434114374999996 0.1345174359375 0.47733384531249995
0 0.225284053125 0.5426431046875 0.13908841562500002 0.5339992312499999 0.137129425 0.617556665625 0.18022724375000002 0.6271609687499999 0.2233250625 0.6185170953125 0.225284053125 0.5426431046875
0 0.137782421875 0.6982328078125 0.2226720640625 0.6895889359375 0.22397805937499998 0.6233192468750001 0.18088024062500002 0.629081828125 0.1364764265625 0.619477525 0.137782421875 0.6982328078125
0 0.17826825156249998 0.8490203609375 0.2174480875 0.8422973484374999 0.2161420921875 0.7664233578124999 0.1514953640625 0.7664233578124999 0.13843541875 0.7846715328125 0.1397414125 0.838455628125 0.17826825156249998 0.8490203609375
0 0.13517043125 0.9200922 0.22201906718750003 0.912408759375 0.22071307343750002 0.8413369203125001 0.17892124843749999 0.8509412203125001 0.137129425 0.8422973484374999 0.13517043125 0.9200922
0 0.30168473281249997 0.0326546296875 0.2638108921875 0.0336150609375 0.261198903125 0.0528236640625 0.250750946875 0.0499423734375 0.24944495312499998 0.1248559359375 0.2657698828125 0.12389550625000001 0.267075878125 0.138301959375 0.29319576875000003 0.1431041109375 0.34674154375 0.1392623890625 0.34674154375 0.0816365734375 0.3402115703125 0.07203227031250001 0.3402115703125 0.058586246875000005 0.304296721875 0.05570495625000001 0.30168473281249997 0.0326546296875
0 0.26642288125 0.20457164843750003 0.3402115703125 0.2074529390625 0.3382525796875 0.1911256234375 0.34739454062499997 0.18824433437500002 0.34674154375 0.14406454062500001 0.2651168875 0.1392623890625 0.26642288125 0.20457164843750003
0 0.3480475390625 0.353438340625 0.34739454062499997 0.2900499421875 0.3402115703125 0.2881290828125 0.3382525796875 0.272762196875 0.2657698828125 0.2756434890625 0.2677288765625 0.35055705000000004 0.298419746875 0.3601613515625 0.3480475390625 0.353438340625
0 0.29907274375 0.3611217828125 0.2690348703125 0.3553592 0.267075878125 0.41874759843750003 0.33759958125 0.41874759843750003 0.33890557656250003 0.403380715625 0.3506595265625 0.39857856406250003 0.351965521875 0.35055705000000004 0.29907274375 0.3611217828125
0 0.3088677015625 0.48693814843750005 0.3069087109375 0.4619669609375 0.2677288765625 0.46100653124999996 0.2703408640625 0.5676142921875 0.3003787375 0.5752977328125 0.351312525 0.5666538609375 0.35327151562500003 0.506146753125 0.3402115703125 0.5032654640625001 0.339558575 0.487898578125 0.3088677015625 0.48693814843750005
0 0.26642288125 0.6377257000000001 0.339558575 0.635804840625 0.3441295546875 0.6185170953125 0.3558835046875 0.617556665625 0.3558835046875 0.5676142921875 0.29776674999999997 0.5752977328125 0.2690348703125 0.5666538609375 0.26642288125 0.6377257000000001
0 0.34543555000000004 0.703995390625 0.27229985624999997 0.70591625 0.2690348703125 0.7856319640625 0.3010317359375 0.7942758359375001 0.35653650312499996 0.7798693812499999 0.35261851875 0.72320399375 0.34543555000000004 0.7193622734375 0.34543555000000004 0.703995390625
0 0.25597492499999996 0.7779485203125 0.256627921875 0.8845562812500001 0.298419746875 0.8787936984375 0.29776674999999997 0.8547829437500001 0.3480475390625 0.856703803125 0.34674154375 0.8422973484374999 0.3558835046875 0.83653476875 0.3552305078125 0.7817902421875 0.30233773125 0.7961966953124999 0.2703408640625 0.77890895 0.25597492499999996 0.7779485203125
0 0.588350528125 0.24202842812499997 0.5707196031249999 0.1844026125 0.57267859375 0.114291203125 0.52239780625 0.12197464375 0.5250097953124999 0.1728774484375 0.5099908578125001 0.1728774484375 0.5119498499999999 0.262197465625 0.588350528125 0.24202842812499997
0 0.57267859375 0.181521321875 0.5935745078125 0.24106799843750001 0.6249183765625 0.2314636953125 0.6072874484375 0.1709565890625 0.6033694656249999 0.10660776093749999 0.57267859375 0.11044948125000001 0.57267859375 0.181521321875
0 0.62948935625 0.236265846875 0.6621392203124999 0.227621975 0.6425493015625 0.1661544375 0.6458142875 0.09508259687500001 0.607940446875 0.1046869 0.612511428125 0.1757587390625 0.62948935625 0.236265846875
0 0.6477732796875 0.1651940078125 0.662792215625 0.227621975 0.69805406875 0.21417595 0.67846415 0.1546292734375 0.67846415 0.08547829375 0.64712028125 0.0902804453125 0.6477732796875 0.1651940078125
0 0.6817291359375 0.1517479828125 0.704584040625 0.21513638125 0.7320099250000001 0.2026507890625 0.714379 0.1392623890625 0.7189499796875001 0.0710718390625 0.6797701453125 0.08355743437499999 0.6817291359375 0.1517479828125
0 0.7365809062500001 0.199769496875 0.7862086984375 0.1834421828125 0.7816377171875 0.0441797921875 0.7189499796875001 0.0662696875 0.716337990625 0.1392623890625 0.7365809062500001 0.199769496875
0 0.5263157890625 0.396657703125 0.5628836359375 0.40626200625 0.6144704187500001 0.396657703125 0.6118584312500001 0.3236650015625 0.5263157890625 0.32654629218750003 0.5263157890625 0.396657703125
0 0.528927778125 0.458125240625 0.538069740625 0.469650403125 0.6164294109374999 0.46388782187500005 0.618388403125 0.395697271875 0.565495625 0.40914329531250004 0.5250097953124999 0.396657703125 0.528927778125 0.458125240625
0 0.57267859375 0.57241644375 0.6190414 0.5608912796875 0.6157764125 0.48981943906250003 0.533498759375 0.48693814843750005 0.53415175625 0.5618517093750001 0.57267859375 0.57241644375
0 0.533498759375 0.6271609687499999 0.576596578125 0.6348444109375 0.62361238125 0.6223588171875 0.6216533890625 0.5599308484375001 0.5720255984375 0.5714560125 0.53153976875 0.562812140625 0.533498759375 0.6271609687499999
0 0.5746375875 0.7366500203124999 0.62361238125 0.72320399375 0.6223063859375 0.647330003125 0.5374167437499999 0.648290434375 0.5406817296875001 0.72512485625 0.5746375875 0.7366500203124999
0 0.5387227375 0.7961966953124999 0.6262243703125 0.7942758359375001 0.62361238125 0.7280061453125 0.57267859375 0.7376104484375 0.53415175625 0.724164425 0.5387227375 0.7961966953124999
0 0.634713334375 0.7654629265625 0.7189499796875001 0.7645024968749999 0.7130730046875 0.6809450640625 0.6640982109375 0.6905493671875 0.633407340625 0.68190549375 0.634713334375 0.7654629265625
0 0.716337990625 0.679024203125 0.7169909890625 0.6213983875 0.633407340625 0.62043795625 0.634713334375 0.6838263546875 0.6660572015625 0.687668075 0.716337990625 0.679024203125
0 0.713726003125 0.5973876296875 0.710461015625 0.518632346875 0.661486221875 0.52823665 0.6288363578125 0.519592778125 0.6321013453125001 0.5973876296875 0.713726003125 0.5973876296875
0 0.713726003125 0.518632346875 0.714379 0.45140222812499997 0.6307953515625 0.450441796875 0.6288363578125 0.5176719171874999 0.6647512078125 0.526315790625 0.713726003125 0.518632346875
0 0.7078490265624999 0.43603534374999997 0.710461015625 0.35920092187499997 0.6588742328125 0.364963503125 0.6275303640625001 0.3572800625 0.6262243703125 0.43891663437500006 0.7078490265624999 0.43603534374999997
0 0.651038265625 0.2573953140625 0.6445082921874999 0.27180176718750004 0.6268773671875 0.2766039171875 0.6268773671875 0.35631963125 0.6634452140625 0.3611217828125 0.704584040625 0.35151747968749997 0.708502025 0.2929312328125 0.6849941234375 0.285247790625 0.6817291359375 0.26507875625 0.6640982109375 0.2525931625 0.651038265625 0.2573953140625
0 0.8743633281250001 0.7145601218750001 0.960558965625 0.71359969375 0.960558965625 0.6281213984375 0.9109311734375 0.635804840625 0.8737103296875001 0.6310026890625 0.8743633281250001 0.7145601218750001
0 0.95990596875 0.6281213984375 0.960558965625 0.562812140625 0.8730573343750001 0.5666538609375 0.8730573343750001 0.6281213984375 0.9122371687499999 0.63292355 0.95990596875 0.6281213984375
0 0.9612119625 0.5484056859375 0.9631709546874999 0.458125240625 0.9148491578125 0.47061083437500006 0.8717513390624999 0.4600461 0.8730573343750001 0.544563965625 0.9612119625 0.5484056859375
0 0.9618649609375 0.458125240625 0.9631709546874999 0.394736840625 0.8724043359375001 0.4014598546875 0.8710983406249999 0.458125240625 0.9128901656249999 0.4667691125 0.9618649609375 0.458125240625
0 0.959252971875 0.384172109375 0.960558965625 0.29965424375 0.9122371687499999 0.3073376875 0.8710983406249999 0.2967729546875 0.868486353125 0.383211678125 0.959252971875 0.384172109375
0 0.960558965625 0.29581252343750003 0.9612119625 0.235305415625 0.8710983406249999 0.237226278125 0.8704453437499999 0.2938916640625 0.9128901656249999 0.30253553593750004 0.960558965625 0.29581252343750003