0 0.11651037187499999 0.23133716249999997 0.1179312296875 0.27727645624999997 0.2664109125 0.27153404375 0.2692526296875 0.19360131249999998 0.14847968125 0.19360131249999998 0.138533675 0.2255947484375 0.11651037187499999 0.23133716249999997
0 0.1605569765625 0.3289581625 0.2664109125 0.3207547171875 0.2678317703125 0.2764561109375 0.118641659375 0.2789171453125 0.125035521875 0.3084495484375 0.1605569765625 0.3289581625
0 0.1321398125 0.383921246875 0.2664109125 0.37489745625 0.2635691953125 0.3232157515625 0.15629440156250002 0.326497128125 0.13000852499999999 0.351107465625 0.1321398125 0.383921246875
0 0.1406649625 0.416735028125 0.16410912187499999 0.41263330624999994 0.1662404078125 0.44462674375000005 0.2770673484375 0.43314191874999997 0.2671213421875 0.37899917968749997 0.1307189546875 0.38720262499999997 0.12787723906249998 0.4060705484375 0.1406649625 0.416735028125
0 0.1349815296875 0.500410171875 0.2813299234375 0.4897456921875 0.2763569203125 0.43642329843749994 0.161977834375 0.44216570937500005 0.131429384375 0.46267432187499996 0.1349815296875 0.500410171875
0 0.1584256890625 0.5397867109375001 0.172634271875 0.5586546359375 0.28701335625 0.54799015625 0.2813299234375 0.4946677609375 0.131429384375 0.5036915515625 0.13356067031250002 0.529942575 0.1584256890625 0.5397867109375001
0 0.1406649625 0.578342903125 0.1406649625 0.5914684171875 0.14492753593750002 0.611156684375 0.28985507187500004 0.612797375 0.2841716390625 0.5488105 0.170502984375 0.557834290625 0.1655299796875 0.57424118125 0.1406649625 0.578342903125
0 0.14137539062499999 0.643150121875 0.1655299796875 0.6406890890625 0.174765559375 0.673502871875 0.29269678906249996 0.662018046875 0.28843421406249997 0.6168990984375 0.1406649625 0.611156684375 0.1349815296875 0.6333059890625 0.14137539062499999 0.643150121875
0 0.1378232453125 0.7210828546875 0.1854219953125 0.72846595625 0.2564649046875 0.7292862999999999 0.291986359375 0.7219032000000001 0.28843421406249997 0.6636587359375 0.1697925546875 0.6726825265625 0.139244103125 0.6890894171874999 0.1378232453125 0.7210828546875
0 0.137112815625 0.7506152578124999 0.1697925546875 0.75471698125 0.1740551296875 0.7834290390625 0.2514919 0.78671041875 0.2934072171875 0.7793273171874999 0.29269678906249996 0.7243642328125001 0.255754475 0.733388021875 0.1378232453125 0.7243642328125001 0.137112815625 0.7506152578124999
0 0.13356067031250002 0.8105004093750001 0.137112815625 0.8408531578125 0.2621483375 0.84495488125 0.30051150781249997 0.835931090625 0.298380221875 0.7785069734375 0.2522023296875 0.7858900734375001 0.1655299796875 0.7801476625 0.13356067031250002 0.8105004093750001
0 0.1307189546875 0.8589007375 0.1406649625 0.8712059062499999 0.17121341406249999 0.8687448734375 0.1740551296875 0.8884331421875 0.1882637109375 0.9089417546874999 0.2124183 0.9056603781250001 0.2685422 0.8974569328124999 0.2998010796875 0.8966365875 0.2998010796875 0.842493846875 0.262858765625 0.847415915625 0.131429384375 0.8392124703125001 0.1307189546875 0.8589007375
0 0.3857630015625 0.9031993437500001 0.387183859375 0.8876127984375 0.45183290625000005 0.8810500421875 0.46888320625 0.8531583265625 0.4838022171875 0.847415915625 0.4909065078125 0.8105004093750001 0.31116794531249997 0.8195242 0.308326228125 0.880229696875 0.3360329640625 0.8884331421875 0.339585109375 0.9097621 0.3857630015625 0.9031993437500001
0 0.31329923125 0.7612797375 0.31329923125 0.816242821875 0.48735436249999997 0.8072190328125 0.46959363437499996 0.7538966359375 0.31329923125 0.7612797375
0 0.478118784375 0.694011484375 0.3118783734375 0.699753896875 0.31116794531249997 0.757178015625 0.476697925 0.74733388125 0.478118784375 0.694011484375
0 0.4788292125 0.635767021875 0.306194940625 0.648892534375 0.310457515625 0.6972928625 0.475987496875 0.6931911390625001 0.4788292125 0.635767021875
0 0.4802500703125 0.5824446265625001 0.2976697921875 0.5865463484375 0.3040636546875 0.6447908109375 0.4802500703125 0.63248564375 0.4802500703125 0.5824446265625001
0 0.4653310609375 0.5200984421875 0.294117646875 0.5291222328125 0.30051150781249997 0.583264971875 0.4752770671875 0.5750615265625 0.4653310609375 0.5200984421875
0 0.476697925 0.46841673593750005 0.29127593125 0.47333880156249997 0.2948280765625 0.5242001640625 0.46675191875 0.511894996875 0.476697925 0.46841673593750005
0 0.47314577968749993 0.409351928125 0.28061949375 0.41263330624999994 0.29127593125 0.47087776718749996 0.4809605 0.46513535624999996 0.47314577968749993 0.409351928125
0 0.4674623484375 0.3576702203125 0.27777777812500004 0.35849056562500003 0.28275078124999997 0.4085315828125 0.47385620937499995 0.403609515625 0.4674623484375 0.3576702203125
0 0.44188689999999997 0.3273174734375 0.4198635984375 0.3215750625 0.41844274062500003 0.2953240359375 0.272804775 0.300246103125 0.275646490625 0.351107465625 0.46462063125 0.3552091890625 0.44188689999999997 0.3273174734375
0 0.2763569203125 0.2444626734375 0.2742256328125 0.2920426578125 0.42696788906250005 0.2945036921875 0.46959363437499996 0.24528301875 0.2763569203125 0.2444626734375
0 0.275646490625 0.1853978671875 0.275646490625 0.2387202625 0.47101449375 0.24200164218750003 0.430520034375 0.1886792453125 0.275646490625 0.1853978671875
0 0.4340721796875 0.11648892500000001 0.3765274234375 0.1123872015625 0.3651605578125 0.1050041015625 0.3218243828125 0.10254306718749999 0.321113953125 0.11812961562499999 0.2763569203125 0.11894995781249999 0.279909065625 0.18703855625000002 0.42909917656249996 0.18703855625000002 0.4653310609375 0.1558654640625 0.4340721796875 0.11648892500000001
0 0.6308610406249999 0.10418375625000001 0.6258880359375001 0.1148482359375 0.5946291546875 0.1148482359375 0.59249786875 0.1599671875 0.6017334484375 0.1657095984375 0.6024438765625 0.19278096718749999 0.6784597890625 0.190319934375 0.72037510625 0.1853978671875 0.7104291 0.067268253125 0.6706450703125 0.0689089421875 0.6606990625 0.0984413453125 0.6308610406249999 0.10418375625000001
0 0.599602159375 0.20754717031249997 0.6159420296875 0.24610336406250002 0.6898266546875 0.24856439687499998 0.7161125328125 0.24364232968750002 0.7168229609375001 0.1878589 0.67703893125 0.1886792453125 0.5988917296875 0.19196062187500001 0.599602159375 0.20754717031249997
0 0.5981813015624999 0.2707137 0.599602159375 0.30188679218750003 0.682011934375 0.301066446875 0.72463768125 0.2928630015625 0.7210855359375 0.2469237078125 0.6869849390625 0.251845775 0.6109690249999999 0.24610336406250002 0.5981813015624999 0.2707137
0 0.5967604421875 0.333059884375 0.608127309375 0.3289581625 0.6187837453125 0.36177194375 0.7004830921874999 0.3576702203125 0.72676896875 0.3527481546875 0.7239272515625 0.2945036921875 0.68343279375 0.3027071375 0.5939187265625 0.2994257578125 0.5967604421875 0.333059884375
0 0.6024438765625 0.384741590625 0.6109690249999999 0.4118129625 0.6926683703125 0.41427399375 0.7253481093749999 0.4085315828125 0.72676896875 0.3576702203125 0.6919579421875001 0.365053321875 0.612389884375 0.36095160000000004 0.6024438765625 0.384741590625
0 0.6095481671874999 0.43314191874999997 0.626598465625 0.474979490625 0.6983518046875 0.47087776718749996 0.7303211140625 0.4643150125 0.7281898265625 0.41017227187499994 0.6898266546875 0.41837571718750005 0.6116794546875 0.4118129625 0.6095481671874999 0.43314191874999997
0 0.6095481671874999 0.5012305171875 0.6173628875 0.529942575 0.6947996578125 0.5315832640625 0.7331628296875 0.5209187875 0.7303211140625 0.4667760453125 0.6919579421875001 0.47415914687500005 0.6230463203125 0.470057425 0.6095481671874999 0.5012305171875
0 0.6138107421875 0.5406070546875 0.6351236140625 0.5881870375 0.703324809375 0.583264971875 0.7381358328125 0.5791632484375 0.7338732593749999 0.5242001640625 0.6969309453125 0.5332239546875 0.6166524578125 0.5291222328125 0.6138107421875 0.5406070546875
0 0.6116794546875 0.6021328968749999 0.6173628875 0.6423297796874999 0.69622051875 0.6439704671875 0.7395566921875 0.6374077109375 0.7381358328125 0.5824446265625001 0.6997726640625 0.5873666937500001 0.62944018125 0.5898277281250001 0.6116794546875 0.6021328968749999
0 0.6258880359375001 0.6726825265625 0.640807046875 0.7005742421875001 0.7210855359375 0.6981132078125001 0.7473714124999999 0.6923707968749999 0.7423984078125 0.6398687453125 0.699062234375 0.64561115625 0.614521171875 0.64561115625 0.6138107421875 0.6661197703124999 0.6258880359375001 0.6726825265625
0 0.6230463203125 0.7243642328125001 0.62944018125 0.75471698125 0.7118499578125 0.757178015625 0.7509235578125 0.7456931906250001 0.7452401265625 0.694011484375 0.7125603875000001 0.703035275 0.63157146875 0.699753896875 0.6230463203125 0.7243642328125001
0 0.62730889375 0.77358490625 0.6436487625 0.8146021328125 0.7217959640625 0.8146021328125 0.754475703125 0.8014766203124999 0.7516339875 0.7530762921874999 0.7075873828125 0.7621000812500001 0.626598465625 0.757178015625 0.62730889375 0.77358490625
0 0.624467178125 0.842493846875 0.626598465625 0.8867924531250001 0.6855640796875 0.880229696875 0.6955100875 0.8884331421875 0.736004546875 0.8851517640625 0.7516339875 0.8703855624999999 0.753765275 0.8088597203125 0.7217959640625 0.8178835109374999 0.6372549015625 0.816242821875 0.624467178125 0.842493846875
0 0.870986075 0.85233798125 0.9178743953125 0.85233798125 0.9327934062500001 0.8146021328125 0.9285308328124999 0.796554553125 0.899403240625 0.7949138640625 0.8816425109375 0.7801476625 0.7594487078125 0.78671041875 0.765132140625 0.8646431515625 0.80704745625 0.85233798125 0.8091787437500001 0.8720262515625 0.8617504968749999 0.8695652171875 0.870986075 0.85233798125
0 0.9342142640625 0.7456931906250001 0.9327934062500001 0.7194421656250001 0.7587382781249999 0.7325676796875 0.7601591359375 0.7801476625 0.897271953125 0.7785069734375 0.9342142640625 0.7456931906250001
0 0.929951690625 0.7161607875 0.929951690625 0.6923707968749999 0.8738277921875 0.668580803125 0.7558965625 0.67596390625 0.756606990625 0.7342083671874999 0.929951690625 0.7161607875
0 0.9271099734374999 0.6045939296875 0.748792271875 0.6177194421875 0.754475703125 0.6726825265625 0.9171639671875 0.661197703125 0.9271099734374999 0.6045939296875
0 0.8965615234375001 0.5594749796875 0.7445296953125 0.5627563578125 0.7509235578125 0.61361771875 0.9263995453125 0.6021328968749999 0.8965615234375001 0.5594749796875
0 0.8823529406249999 0.538966365625 0.9192952546875001 0.5381460203125 0.915743109375 0.4946677609375 0.741687978125 0.506152584375 0.7431088375 0.5561936015625 0.880221653125 0.5545529109375 0.8823529406249999 0.538966365625
0 0.8986928109375001 0.46267432187499996 0.8759590796875001 0.46267432187499996 0.8702756468749999 0.4405250203125 0.7352941171875 0.44708777812499995 0.7388462625 0.5036915515625 0.91432225 0.49138638281249997 0.8986928109375001 0.46267432187499996
0 0.87524865 0.428219853125 0.9015345265624999 0.4241181296875 0.9129013921875 0.3814602125 0.736004546875 0.38638228125 0.7352941171875 0.44216570937500005 0.8759590796875001 0.4380639875 0.87524865 0.428219853125
0 0.907217959375 0.351107465625 0.8773799375 0.3527481546875 0.8695652171875 0.33552091875 0.7374254046875001 0.3338802296875 0.7345836875 0.384741590625 0.9107701046875001 0.3806398671875 0.907217959375 0.351107465625
0 0.8795112250000001 0.3158326484375 0.90437624375 0.3158326484375 0.9086388187500001 0.2723543890625 0.727479396875 0.279737490625 0.7324524015625 0.326497128125 0.8809320828124999 0.3305988515625 0.8795112250000001 0.3158326484375
0 0.8937198078125 0.23707957343750002 0.8716965046875 0.23707957343750002 0.868144359375 0.2214930265625 0.7253481093749999 0.21903199375 0.727479396875 0.2764561109375 0.9065075312499999 0.2707137 0.8937198078125 0.23707957343750002
0 0.8624609265625001 0.20508613593749997 0.8887468015625 0.2001640703125 0.9029553859374999 0.164889253125 0.7217959640625 0.1681706328125 0.7253481093749999 0.21575061562500003 0.8645922140625 0.21739130312500002 0.8624609265625001 0.20508613593749997
0 0.8866155156250001 0.124692371875 0.8674339296875001 0.1222313375 0.8603296390624999 0.1033634125 0.8027848828125 0.101722721875 0.794259734375 0.08613617812499999 0.7594487078125 0.09023790000000001 0.7459505546874999 0.1033634125 0.717533390625 0.100082034375 0.72037510625 0.1632485640625 0.90224495625 0.1599671875 0.8866155156250001 0.124692371875