0 0.0436885625 0.1397235578125 0.040567951562499996 0.1878004796875 0.110001559375 0.21484375 0.15603058281249998 0.21484375 0.15915119375 0.0480769234375 0.0748946796875 0.04657451875 0.0733343734375 0.1442307703125 0.0436885625 0.1397235578125
0 0.0436885625 0.1953125 0.0421282578125 0.237379809375 0.06787330312499999 0.25691105937500003 0.0717740671875 0.3425480765625 0.1536901234375 0.35306490468749996 0.15837104062500001 0.2133413453125 0.10844125468750002 0.2163461546875 0.0436885625 0.1953125
0 0.1661725703125 0.05408653906250001 0.1614916515625 0.2163461546875 0.26993290625 0.22085336562500002 0.272273365625 0.0600961546875 0.1661725703125 0.05408653906250001
0 0.21688250937500003 0.35456730937500003 0.2207832734375 0.2824519234375 0.235606178125 0.25540865468749996 0.23638633125 0.22536057656250003 0.1575908875 0.22085336562500002 0.1552504296875 0.35306490468749996 0.21688250937500003 0.35456730937500003
0 0.15603058281249998 0.3861177890625 0.149789359375 0.540865384375 0.24574816562500001 0.552884615625 0.2519893890625 0.3996394234375 0.15603058281249998 0.3861177890625
0 0.145108440625 0.689603365625 0.22624434375 0.7061298078125 0.2301451078125 0.5618990390625 0.14900920625 0.5453725953124999 0.145108440625 0.689603365625
0 0.05383055 0.591947115625 0.0733343734375 0.5904447109375 0.0748946796875 0.689603365625 0.139647371875 0.6956129796875 0.1435481359375 0.5288461546875001 0.057731315625 0.5318509609375 0.05383055 0.591947115625
0 0.0288656578125 0.533353365625 0.145108440625 0.52734375 0.1529099703125 0.36808894062499997 0.0592916203125 0.3560697109375 0.05461070312500001 0.4732572109375 0.0296458109375 0.4732572109375 0.0288656578125 0.533353365625
0 0.328444375 0 0.3222031515625 0.1802884609375 0.4446871578125 0.1998197109375 0.44702761718749995 0.0030048078125 0.328444375 0
0 0.3339054453125 0.28996394062499997 0.3339054453125 0.3410456734375 0.4446871578125 0.345552884375 0.44702761718749995 0.2028245203125 0.3206428453125 0.1802884609375 0.319082540625 0.2824519234375 0.3339054453125 0.28996394062499997
0 0.44702761718749995 0.19681490468750001 0.5601497890625 0.20883413437499998 0.5632704000000001 0.0570913453125 0.4501482296875 0.0405649046875 0.44702761718749995 0.19681490468750001
0 0.5219222968749999 0.2358774046875 0.5227024499999999 0.1953125 0.4501482296875 0.19381009531249999 0.4485879234375 0.3635817296875 0.4860352625 0.37259615468749996 0.48759556875000004 0.34855769062499997 0.5601497890625 0.35006009531250004 0.5624902484375001 0.237379809375 0.5219222968749999 0.2358774046875
0 0.3814947734375 0.5543870203125 0.3440474328125 0.5453725953124999 0.340926821875 0.5904447109375 0.31050085781250003 0.5964543265625 0.3081604 0.7181490390625 0.3456077390625 0.736177884375 0.35106880937499996 0.7647235578125 0.4189421125 0.7662259609375 0.429864253125 0.5453725953124999 0.3814947734375 0.5543870203125
0 0.558589484375 0.48828125 0.5039787796875 0.4837740390625 0.5078795453125 0.3831129796875 0.44390700625 0.3786057703125 0.43064440625 0.533353365625 0.557029178125 0.552884615625 0.558589484375 0.48828125
0 0.4251833359375 0.7001201921875 0.49227648593750006 0.7016225953124999 0.49773755625 0.6039663453124999 0.5133406140625 0.6009615390625 0.5141207671875 0.5483774046875001 0.429864253125 0.5378605765625 0.4251833359375 0.7001201921875
0 0.67873303125 0.1186899046875 0.6670307390625 0.1186899046875 0.6662505859375 0.211838940625 0.7770322984375 0.21484375 0.7746918390624999 0.0961538453125 0.7341238890625 0.0961538453125 0.7372445 0.0600961546875 0.6841941031250001 0.061598557812499996 0.67873303125 0.1186899046875
0 0.6662505859375 0.2133413453125 0.66859104375 0.2644230765625 0.67873303125 0.2644230765625 0.6771727265624999 0.3230168265625 0.7551880171875001 0.3275240390625 0.7551880171875001 0.29597355937500003 0.771571228125 0.3019831734375 0.7746918390624999 0.2163461546875 0.6662505859375 0.2133413453125
0 0.6724918078125001 0.3996394234375 0.6592292093750001 0.404146634375 0.6592292093750001 0.474759615625 0.713059759375 0.48828125 0.7739116859374999 0.4807692296875 0.7739116859374999 0.36808894062499997 0.6724918078125001 0.3635817296875 0.6724918078125001 0.3996394234375
0 0.6600093625000001 0.4807692296875 0.660789515625 0.5258413453124999 0.602278046875 0.5153245203125 0.59837728125 0.6009615390625 0.7661101578125 0.591947115625 0.7684506171875001 0.4762620203125 0.717740678125 0.485276440625 0.6600093625000001 0.4807692296875
0 0.7013574671875 0.8233173078125 0.7551880171875001 0.8248197109375001 0.7629895453125 0.5949519234375 0.6935559375 0.5964543265625 0.6085192703125 0.60546875 0.599157434375 0.6820913453124999 0.6038383515625 0.7256610578125 0.635824621875 0.728665865625 0.632704009375 0.7542067296875 0.667810890625 0.7466947109375 0.670931503125 0.78125 0.6997971609375 0.78125 0.7013574671875 0.8233173078125
0 0.7809330625 0.2073317296875 0.9697300671875 0.20432692343749997 0.9712903734375 0.12319711562499999 0.8979559984375 0.1246995203125 0.89639569375 0.06460336562499999 0.8402246828125 0.0676081734375 0.8386643781249999 0.094651440625 0.780152909375 0.0961538453125 0.7809330625 0.2073317296875
0 0.8924949296875001 0.2223557703125 0.8901544703125 0.20582932656250003 0.77937275625 0.20883413437499998 0.7770322984375 0.32902644062499997 0.939304103125 0.326021634375 0.9424247156250001 0.2298677890625 0.8924949296875001 0.2223557703125
0 0.8917147765625 0.33203125 0.7809330625 0.3365384609375 0.7770322984375 0.4837740390625 0.853487284375 0.485276440625 0.8909346234375001 0.485276440625 0.8917147765625 0.33203125
0 0.7731315328125 0.599459134375 0.84958651875 0.6024639421875 0.8464659078125001 0.5483774046875001 0.88313309375 0.5423677890625 0.885473553125 0.4897836546875 0.7762521453125 0.4927884609375 0.7731315328125 0.599459134375
0 0.7606490875 0.5949519234375 0.7551880171875001 0.7376802890625 0.8043376500000001 0.7391826921875 0.8043376500000001 0.7602163453124999 0.91980028125 0.767728365625 0.9315025734375 0.7376802890625 0.9346231859374999 0.6565504796875 0.9588079265625 0.6610576921875 0.9603682328125001 0.5934495203125 0.7606490875 0.5949519234375
0 0.440006240625 0.35456730937500003 0.319082540625 0.338040865625 0.31050085781250003 0.5258413453124999 0.3799344671875 0.5438701921875 0.429864253125 0.5348557703125 0.440006240625 0.35456730937500003