0 0.08077444843750001 0.33922195 0.066592675 0.25465138125000003 0.07584165781249999 0.1663221203125 0.0240473546875 0.1663221203125 0.0135651734375 0.25183236249999996 0.024663953125 0.33076489531250003 0.08077444843750001 0.33922195
0 0.06967566875 0.2631084375 0.0820076453125 0.33640293125 0.1257861640625 0.335463259375 0.1122209890625 0.2584100734375 0.12331976874999999 0.16726179218749998 0.0801578484375 0.159744409375 0.06967566875 0.2631084375
0 0.12763596093750001 0.3401616234375 0.170797878125 0.3401616234375 0.1553829078125 0.2565307265625 0.16648168593749998 0.16162375625 0.124552965625 0.1588047359375 0.11530398281250001 0.2631084375 0.12763596093750001 0.3401616234375
0 0.21816037812500003 0.33146964843750004 0.2057127875 0.269568690625 0.21816037812500003 0.16373801875 0.17099056562499998 0.165734825 0.157887840625 0.2595846640625 0.17361111093749998 0.3364616609375 0.21816037812500003 0.33146964843750004
0 0.035377357812499996 0.36841054375 0.024895178125 0.46924920156249994 0.037997903124999996 0.5391373796875001 0.087788259375 0.5351437703124999 0.08123689687499999 0.46126198125 0.0904088046875 0.3634185296875 0.035377357812499996 0.36841054375
0 0.0825471703125 0.46825079843750006 0.09171907812499999 0.5471246 0.13954402500000002 0.54412939375 0.1264413 0.46825079843750006 0.13626834375000002 0.3654153359375 0.09106394062499999 0.3634185296875 0.0825471703125 0.46825079843750006
0 0.1303721171875 0.4632587859375 0.1434748421875 0.5461261984375 0.1873689734375 0.543130990625 0.17295597499999998 0.46425718906249996 0.1860587 0.3634185296875 0.13954402500000002 0.36142172499999997 0.1303721171875 0.4632587859375
0 0.174266246875 0.46924920156249994 0.18933438125 0.54412939375 0.2319182390625 0.5411341859375 0.22274633124999998 0.47024760312499997 0.22929769375000003 0.367412140625 0.184748428125 0.3654153359375 0.174266246875 0.46924920156249994
0 0.1821278828125 0.91553514375 0.19523060781249998 0.9944089453125 0.25550314531249996 0.9914137375 0.24502096406249999 0.91553514375 0.2548480078125 0.8097044734375001 0.1932651984375 0.8136980828124999 0.1821278828125 0.91553514375
0 0.1886792453125 0.9884185296875 0.177541928125 0.9105431312500001 0.1886792453125 0.81269968125 0.1506813421875 0.8107028749999999 0.13954402500000002 0.9135383390625 0.1519916140625 0.9884185296875 0.1886792453125 0.9884185296875
0 0.1002358484375 0.81769169375 0.08909853281249999 0.9115415328124999 0.0995807125 0.9834265171875 0.148060796875 0.9844249203125001 0.1356132078125 0.9115415328124999 0.1487159328125 0.8186900953125 0.1002358484375 0.81769169375
0 0.0969601671875 0.987420128125 0.084512578125 0.9125399359375 0.09892557656249999 0.81269968125 0.055686582812499996 0.81769169375 0.045204403125 0.9175319484375001 0.0576519921875 0.9844249203125001 0.0969601671875 0.987420128125
0 0.37473794531250004 0.7987220453125 0.37473794531250004 0.7468051124999999 0.327568134375 0.7468051124999999 0.3125 0.9005591046875001 0.324292453125 0.9714456874999999 0.38194444375000003 0.9724440890625001 0.367531446875 0.8885782750000001 0.37473794531250004 0.7987220453125
0 0.4179769390625 0.8107028749999999 0.4179769390625 0.7507987218750001 0.37473794531250004 0.7478035140625 0.37604821875 0.8136980828124999 0.3668763109375 0.8925718843749999 0.383909853125 0.9744408953124999 0.42649371093750005 0.96944888125 0.410770440625 0.8905750796874999 0.4179769390625 0.8107028749999999
0 0.45794025156249996 0.7507987218750001 0.418632075 0.7488019171875 0.418632075 0.81269968125 0.4114255765625 0.8925718843749999 0.42649371093750005 0.9754392968750001 0.46842243124999994 0.9714456874999999 0.4526991609375 0.8915734828125 0.45925052343750006 0.8037140578124999 0.45794025156249996 0.7507987218750001
0 0.503799790625 0.804712459375 0.5024895171875 0.74980031875 0.4599056609375 0.74980031875 0.45925052343750006 0.81269968125 0.45335429843749997 0.8985623 0.46973270468750006 0.9774361015625 0.50838574375 0.9744408953124999 0.49855869999999997 0.8895766765625 0.503799790625 0.804712459375
0 0.547038784375 0.8057108625 0.543763103125 0.7507987218750001 0.5051100625 0.7517971250000001 0.503799790625 0.8097044734375001 0.5024895171875 0.8925718843749999 0.511661425 0.9724440890625001 0.553590146875 0.96944888125 0.537211740625 0.887579871875 0.547038784375 0.8057108625
0 0.5994496859375 0.7977236421875 0.590277778125 0.745806709375 0.5463836484375 0.7468051124999999 0.5463836484375 0.8146964859375 0.5385220125 0.8855830671874999 0.5562106921875001 0.9734424921875 0.6007599578125 0.9684504796875 0.5856918234374999 0.8905750796874999 0.5994496859375 0.7977236421875
0 0.32953354375 0.52016773125 0.32232704375 0.465255590625 0.334119496875 0.35842651718749996 0.2686058703125 0.3514377 0.2633647796875 0.4632587859375 0.27581236875 0.5341453671874999 0.2849842765625 0.543130990625 0.28301886718749997 0.5890575078125 0.3282232703125 0.5860623 0.32953354375 0.52016773125
0 0.36884171875 0.465255590625 0.3786687625 0.362420128125 0.334119496875 0.362420128125 0.325602725 0.46625399375 0.33149895156250003 0.5321485625 0.330843815625 0.5900559109375 0.3721174 0.5880591046875 0.3721174 0.5221645374999999 0.36884171875 0.465255590625
0 0.4081498953125 0.465255590625 0.4199423484375 0.3604233234375 0.38063417187500004 0.3564297125 0.370807128125 0.46924920156249994 0.37473794531250004 0.5351437703124999 0.3734276734375 0.5960463265625 0.41470125781249995 0.5900559109375 0.41535639375000005 0.5271565500000001 0.4081498953125 0.465255590625
0 0.4513888890625 0.46425718906249996 0.460560796875 0.357428115625 0.420597484375 0.3564297125 0.4094601671875 0.46825079843750006 0.41601152968750005 0.5341453671874999 0.41535639375000005 0.5930511187499999 0.45466457031249996 0.5940495203125 0.4612159328125 0.5301517578125 0.4513888890625 0.46425718906249996
0 0.4631813421875 0.3604233234375 0.452044025 0.46725239687500003 0.460560796875 0.5221645374999999 0.45859538750000006 0.5910543125000001 0.49855869999999997 0.5940495203125 0.5051100625 0.5331469656250001 0.49528301875 0.47324281093750004 0.507075471875 0.36142172499999997 0.4631813421875 0.3604233234375
0 0.5096960171875 0.36142172499999997 0.497248428125 0.47024760312499997 0.5051100625 0.5271565500000001 0.49921383593749996 0.5890575078125 0.54179769375 0.5890575078125 0.5444182390625001 0.537140575 0.536556603125 0.4742412140625 0.5496593296875 0.3664137375 0.5096960171875 0.36142172499999997
0 0.593553459375 0.3654153359375 0.5516247375 0.362420128125 0.5359014671875 0.47324281093750004 0.5450733750000001 0.5321485625 0.54179769375 0.597044728125 0.5876572328125 0.6010383390625 0.5896226421875 0.5451277953125 0.6027253671875 0.543130990625 0.5843815515624999 0.46725239687500003 0.593553459375 0.3654153359375
0 0.3190513625 0.3214856234375 0.30922431875 0.25159744375000004 0.31577568125 0.1667332265625 0.313810271875 0.11082268437500001 0.26270964375 0.11281948906249999 0.2653301890625 0.14976038281249998 0.2528826 0.14976038281249998 0.2456761 0.2446086265625 0.26729559687500004 0.322484025 0.3190513625 0.3214856234375
0 0.3583595390625 0.154752396875 0.3550838578125 0.11581469687499998 0.3151205453125 0.1188099046875 0.3151205453125 0.1667332265625 0.310534590625 0.25159744375000004 0.3203616359375 0.32847444062500003 0.3629454921875 0.3254792328125 0.3511530390625 0.24860223593750003 0.3583595390625 0.154752396875
0 0.40094339687499997 0.15874600625 0.3996331234375 0.120806709375 0.35573899375 0.11581469687499998 0.357049265625 0.1677316296875 0.3531184484375 0.2545926515625 0.3649109015625 0.33146964843750004 0.410770440625 0.3264776359375 0.3943920328125 0.2535942484375 0.40094339687499997 0.15874600625
0 0.4448375265625 0.165734825 0.43959643593750003 0.1188099046875 0.400288259375 0.11681309843750001 0.3989779875 0.16473642187499998 0.3963574421875 0.2545926515625 0.4114255765625 0.3324680515625 0.452044025 0.32947284374999997 0.43697589062500003 0.2496006390625 0.4448375265625 0.165734825
0 0.444182390625 0.11980830625000001 0.444182390625 0.1677316296875 0.43894130000000003 0.252595846875 0.45335429843749997 0.333466453125 0.49135220156250003 0.33146964843750004 0.47955974843750004 0.257587859375 0.4880765203125 0.1707268375 0.48283542968750004 0.11980830625000001 0.444182390625 0.11980830625000001
0 0.5273846953125 0.25658945625 0.540487421875 0.15375399375 0.5293501046875 0.1507587859375 0.52869496875 0.1188099046875 0.4861111109375 0.1188099046875 0.4880765203125 0.1707268375 0.48283542968750004 0.2585862625 0.49462788281250003 0.3324680515625 0.5411425578125 0.3304712453125 0.5273846953125 0.25658945625
0 0.6341719078125 0.3164936109375 0.6315513625 0.27056709218749997 0.63482704375 0.21066293906250003 0.603380503125 0.20666932968750001 0.5870020968749999 0.2725638984375 0.606656184375 0.3154952078125 0.6341719078125 0.3164936109375
0 0.6525157234375001 0.3264776359375 0.6590670859375 0.21066293906250003 0.6387578609375 0.20866613437499998 0.633516771875 0.27056709218749997 0.6374475890625 0.3254792328125 0.6525157234375001 0.3264776359375
0 0.65841195 0.26657348281250004 0.6525157234375001 0.3424520765625 0.68854821875 0.340455271875 0.680031446875 0.26657348281250004 0.68789308125 0.21665335468750002 0.6610324953125 0.20766773125000001 0.65841195 0.26657348281250004
0 0.6787211734375 0.2545926515625 0.6872379453125 0.3154952078125 0.716719078125 0.31449680468749996 0.7121331234375 0.2645766765625 0.716719078125 0.203674121875 0.6905136265625 0.20467252343750003 0.6787211734375 0.2545926515625
0 0.71475366875 0.26357827500000003 0.719339621875 0.318490415625 0.7448899375 0.313498403125 0.738338575 0.2655750796875 0.74816561875 0.20766773125000001 0.71802935 0.20467252343750003 0.71475366875 0.26357827500000003
0 0.7422693921875 0.269568690625 0.7494758906250001 0.3204872203125 0.7769916140625 0.313498403125 0.766509434375 0.26357827500000003 0.776336478125 0.20766773125000001 0.7488207546875 0.20467252343750003 0.7422693921875 0.269568690625
0 0.769785115625 0.26657348281250004 0.7789570234375 0.318490415625 0.8051624734375 0.31449680468749996 0.7986111109375 0.2545926515625 0.8038522015625 0.203674121875 0.7789570234375 0.20467252343750003 0.769785115625 0.26657348281250004
0 0.699685534375 0.5670926515625 0.7009958078125 0.5411341859375 0.7088574421875 0.5241613421875 0.6983752625 0.472244409375 0.712788259375 0.389376996875 0.6538259953125001 0.3863817890625 0.6531708593750001 0.570087859375 0.699685534375 0.5670926515625
0 0.7389937109375 0.477236421875 0.753406709375 0.3853833859375 0.71475366875 0.3853833859375 0.7003406703125 0.477236421875 0.706236896875 0.5261581468750001 0.7068920328125 0.575079871875 0.7455450734375 0.5790734828125 0.7553721171875 0.5281549515624999 0.7389937109375 0.477236421875
0 0.7855083859375 0.472244409375 0.7973008390625 0.39337060625000003 0.7540618453125 0.3873801921875 0.74161425625 0.46924920156249994 0.7501310265625001 0.5301517578125 0.74816561875 0.5770766765625 0.7868186578125 0.5740814703125 0.795990565625 0.52016773125 0.7855083859375 0.472244409375
0 0.797955975 0.5231629390625 0.7900943390624999 0.570087859375 0.8457809218750001 0.5730830671875 0.8451257859375 0.3913738015625 0.8031970656249999 0.389376996875 0.7874737953125 0.47324281093750004 0.797955975 0.5231629390625
0 0.699685534375 0.882587859375 0.710167715625 0.81769169375 0.6983752625 0.7567891375 0.659722221875 0.7537939296875 0.6472746328125 0.7817492015624999 0.656446540625 0.81769169375 0.65513626875 0.9434904156249999 0.7114779875 0.9424920125 0.699685534375 0.882587859375
0 0.7540618453125 0.8107028749999999 0.7514413 0.757787540625 0.702961215625 0.7567891375 0.7088574421875 0.8146964859375 0.7009958078125 0.882587859375 0.7121331234375 0.9794329078124999 0.764544025 0.9644568687499999 0.7442348015625 0.8736022359375 0.7540618453125 0.8107028749999999
0 0.797955975 0.804712459375 0.792714884375 0.7597843453124999 0.753406709375 0.7597843453124999 0.7579926625 0.8057108625 0.7468553453125 0.8835862625 0.766509434375 0.9524760390625 0.8018867921874999 0.9454872203125 0.7874737953125 0.882587859375 0.797955975 0.804712459375
0 0.7953354296875 0.7567891375 0.7986111109375 0.8037140578124999 0.7920597484375 0.8805910546875 0.806472746875 0.9504792328124999 0.849056603125 0.9464856234375001 0.8280922437499999 0.8865814703125 0.849056603125 0.7597843453124999 0.7953354296875 0.7567891375
0 0.8981918234374999 0.7527955265624999 0.8542976937500001 0.7547923328125 0.8339884703125 0.8845846640625 0.8536425578125 0.9504792328124999 0.928983228125 0.9514776359375 0.9296383640625001 0.850638978125 0.8995020968749999 0.8476437703125 0.8981918234374999 0.7527955265624999