0 0.24472718906250002 0.0263713078125 0.24587345312500003 0.0732536328125 0.2246675828125 0.1242381625 0.2808344796875 0.1353727140625 0.308344796875 0.086732303125 0.300320953125 0.036333801562500004 0.24472718906250002 0.0263713078125
0 0.31121045468749997 0.08790435937499999 0.2837001375 0.1353727140625 0.326111875 0.147679325 0.350756534375 0.0984528828125 0.341586428125 0.0457102671875 0.3026134796875 0.036333801562500004 0.31121045468749997 0.08790435937499999
0 0.352475928125 0.097866853125 0.3284044015625 0.14885138281250002 0.36680421875 0.15764181875 0.40004585 0.1113455234375 0.3880100859375 0.06036099375 0.341586428125 0.0474683546875 0.352475928125 0.097866853125
0 0.6012150390625 0.15822784843749998 0.5960568546875 0.1060712609375 0.531292984375 0.0908345046875 0.5335855109375001 0.14006094687499998 0.510660246875 0.19338959218750001 0.5759972484375 0.2109704640625 0.6012150390625 0.15822784843749998
0 0.5782897765625 0.2109704640625 0.6138239343749999 0.22093295781250002 0.646492434375 0.168776371875 0.6424805124999999 0.118377871875 0.59720311875 0.10665728906250001 0.603507565625 0.158813878125 0.5782897765625 0.2109704640625
0 0.6499312234375 0.1658462265625 0.61898211875 0.21976089999999998 0.6596744609375 0.22796530625 0.6871847765625 0.176980778125 0.6843191203125001 0.128340365625 0.6441999078125 0.11896389999999998 0.6499312234375 0.1658462265625
0 0.688331040625 0.1781528375 0.6636863828124999 0.22796530625 0.7032324625 0.2396858890625 0.7336084359374999 0.1851851859375 0.729023384375 0.13478668437500002 0.6854653828124999 0.126582278125 0.688331040625 0.1781528375
0 0.7359009624999999 0.1869432734375 0.707244384375 0.240857946875 0.7467904640625 0.250820440625 0.7754470421875 0.1951476796875 0.772008253125 0.14709329531249998 0.730742778125 0.13595874375 0.7359009624999999 0.1869432734375
0 0.77773956875 0.1969057671875 0.750229253125 0.2519925 0.791494728125 0.262541021875 0.8230169640625 0.20393811562500003 0.8155662546875 0.1547116734375 0.7737276484375 0.1459212375 0.77773956875 0.1969057671875
0 0.824736359375 0.20393811562500003 0.7949335171875 0.2619549921875 0.8361989921875 0.2730895453125 0.867721228125 0.21507266875000003 0.8619899140625 0.167018284375 0.816139384375 0.1564697609375 0.824736359375 0.20393811562500003
0 0.8694406234375001 0.216244725 0.8447959656249999 0.267815284375 0.8872077031250001 0.28363806875 0.9244612562500001 0.2250351625 0.9141448875 0.1804969515625 0.8631361765625 0.165260196875 0.8694406234375001 0.216244725
0 0.7869096734375 0.0269573375 0.761118753125 0.043952179687499995 0.70495185625 0.0773558375 0.737047225 0.13185654062500002 0.814419990625 0.0984528828125 0.8178587796875 0.0726676046875 0.7869096734375 0.0269573375
0 0.676295278125 0.0416080640625 0.7026593296875 0.0808720109375 0.7599724890624999 0.0474683546875 0.7404860156249999 0.01172058125 0.676295278125 0.0416080640625
0 0.9989683625 0.01347866875 0.9897982578125 0 0.9353507562500001 0.0246132203125 0.9657267296875001 0.06739334375 1 0.0503985 0.9989683625 0.01347866875
0 0.5381705640625001 0.089662446875 0.6321641437500001 0.03867791875 0.604080696875 0.0041022046875 0.5742778546875 0.0011720578125 0.49346629999999997 0.029301453124999998 0.5381705640625001 0.089662446875
0 0.2498853734375 0.9546413499999999 0.2619211375 0.9563994375 0.2716643734375 0.96460384375 0.30605227031250004 0.96108766875 0.300320953125 0.9358884203125 0.3129298484375 0.9323722468750001 0.31121045468749997 0.911861228125 0.300320953125 0.8567744968750001 0.20976616250000002 0.868495078125 0.216070609375 0.9399906234375001 0.24587345312500003 0.940576653125 0.2498853734375 0.9546413499999999
0 0.3020403484375 0.8093061421875 0.2040348453125 0.8245428968749999 0.214924346875 0.8679090484374999 0.310637321875 0.8544303796875001 0.3020403484375 0.8093061421875
0 0.29344337343750004 0.765939990625 0.1977303984375 0.7805907171875 0.20632737343750002 0.821612753125 0.299174690625 0.8087201125 0.29344337343750004 0.765939990625
0 0.2837001375 0.7225738390625 0.1908528203125 0.7366385375 0.1988766609375 0.7788326296875 0.29344337343750004 0.763595875 0.2837001375 0.7225738390625
0 0.278541953125 0.678621659375 0.1845483734375 0.6926863578125 0.1914259515625 0.7342944203124999 0.2842732703125 0.7196436953124999 0.278541953125 0.678621659375
0 0.2751031640625 0.6329113921875 0.174805134375 0.646976090625 0.1816827140625 0.6897562125000001 0.279688215625 0.676863571875 0.2751031640625 0.6329113921875
0 0.268225584375 0.5901312703125 0.1685006875 0.6041959671875 0.17709766093749998 0.645218003125 0.27338376875 0.630567275 0.268225584375 0.5901312703125
0 0.2596286109375 0.542662915625 0.1610499765625 0.5590717296875 0.16964695000000002 0.6036099390625 0.26994497968750003 0.5883731828125 0.2596286109375 0.542662915625
0 0.267079321875 0.48288795 0.1685006875 0.4752695734375 0.16678129375 0.532700421875 0.2659330578125 0.5379746828124999 0.267079321875 0.48288795
0 0.2659330578125 0.433661509375 0.16792755625 0.428387246875 0.16964695000000002 0.4752695734375 0.26937184687500004 0.482301921875 0.2659330578125 0.433661509375
0 0.27223750625 0.3908813875 0.1719394765625 0.383263009375 0.1702200828125 0.42604313281249995 0.27109124218749997 0.433661509375 0.27223750625 0.3908813875
0 0.277395690625 0.34341303437500004 0.17767079375 0.3352086265625 0.1713663453125 0.380332865625 0.27338376875 0.3908813875 0.277395690625 0.34341303437500004
0 0.2762494265625 0.2982887953125 0.1816827140625 0.28715424375 0.17881705625 0.33462259843750003 0.2728106375 0.341654946875 0.2762494265625 0.2982887953125