0 0.12000044843749999 0.2694709265625 0.13260553749999998 0.2723581140625 0.13159713125 0.10778837031249999 0.08571460625 0.10105159687500001 0.0826893859375 0.3021923953125 0.1194962453125 0.300267603125 0.12000044843749999 0.2694709265625
0 0.1331097421875 0.105863578125 0.132101334375 0.3070043765625 0.1608409375 0.307966771875 0.1613451421875 0.10490118281250001 0.1331097421875 0.105863578125
0 0.19563098437499998 0.2049903828125 0.19512678125 0.108750765625 0.16437036249999998 0.105863578125 0.1618493453125 0.303154790625 0.1870595234375 0.3041171875 0.1870595234375 0.2762077 0.1941183734375 0.2771700953125 0.19563098437499998 0.2049903828125
0 0.19916040937499999 0.1068259734375 0.19512678125 0.305079584375 0.227395809375 0.3070043765625 0.22941262343750002 0.10971316406250001 0.19916040937499999 0.1068259734375
0 0.2611774484375 0.2107647609375 0.2611774484375 0.1116379546875 0.2329420484375 0.10971316406250001 0.2299168265625 0.3041171875 0.252101784375 0.307966771875 0.2526059875 0.2771700953125 0.2581522265625 0.2752453015625 0.2611774484375 0.2107647609375
0 0.26470687187499997 0.110675559375 0.2611774484375 0.3070043765625 0.2929422734375 0.305079584375 0.295463290625 0.1116379546875 0.26470687187499997 0.110675559375
0 0.2974801046875 0.11356274687500001 0.29596749375 0.307966771875 0.3176482484375 0.3070043765625 0.31966506250000004 0.2800572828125 0.3262197078125 0.2771700953125 0.3282365234375 0.115487540625 0.2974801046875 0.11356274687500001
0 0.33075754062499996 0.1116379546875 0.3262197078125 0.3098915640625 0.36000134687499996 0.31085395937500004 0.3620181609375 0.11260035156249999 0.33075754062499996 0.1116379546875
0 0.39630400468750004 0.2088399671875 0.39680820781250004 0.1164499359375 0.3640349765625 0.10971316406250001 0.362522365625 0.3118163578125 0.384707321875 0.3137411484375 0.3857157296875 0.278132490625 0.392270375 0.2790948875 0.39630400468750004 0.2088399671875
0 0.4336150671875 0.31085395937500004 0.43411927187500005 0.11260035156249999 0.3998334296875 0.11260035156249999 0.399329225 0.21461434375000002 0.394287190625 0.3118163578125 0.4336150671875 0.31085395937500004
0 0.5173128609375001 0.287756453125 0.526388525 0.29353082812500003 0.5279011359375 0.21557674218749998 0.526892728125 0.11452514218750001 0.481010203125 0.1174123328125 0.47949759218750004 0.31566594062500003 0.51680865625 0.3195155265625 0.5173128609375001 0.287756453125
0 0.5536155171875 0.325289903125 0.551598703125 0.2896812453125 0.558657553125 0.2896812453125 0.5616827734375 0.22231351406250002 0.5611785703125001 0.121261915625 0.5299179484375001 0.12222431250000002 0.5299179484375001 0.2175015328125 0.5294137453125 0.298342809375 0.5213464890624999 0.298342809375 0.520842284375 0.32432750781249997 0.5536155171875 0.325289903125
0 0.5657164031249999 0.22038872031249998 0.5601701640625001 0.29160603749999997 0.5631953859375 0.29160603749999997 0.558657553125 0.32144031875 0.597481228125 0.3185531296875 0.6040358734375 0.1241491046875 0.5642037921874999 0.12222431250000002 0.5657164031249999 0.22038872031249998
0 0.7048765875 0.270433321875 0.6998345515625 0.24059904062499998 0.7068934015624999 0.2309750796875 0.6942883125 0.16456974375 0.6786580015625 0.0779540890625 0.6322712734375 0.11356274687500001 0.6670613203125 0.29064364062500003 0.7048765875 0.270433321875
0 0.7391624296875 0.2434862296875 0.7321035796875 0.21268955156249997 0.7376498203125 0.20787757031249998 0.7275657484375 0.145321821875 0.7068934015624999 0.053894184375 0.679666409375 0.074104503125 0.6988261437500001 0.168419328125 0.7104228265625 0.23289987031249998 0.7038681796875 0.24637341875000002 0.707901809375 0.2675461328125 0.7391624296875 0.2434862296875
0 0.7104228265625 0.051006996875 0.7315993765625 0.145321821875 0.74117924375 0.20787757031249998 0.7386582265625 0.21172715625 0.7426918546875 0.2357870609375 0.7800029187499999 0.2107647609375 0.7623557937500001 0.1174123328125 0.743196059375 0.027909489062499997 0.7104228265625 0.051006996875
0 0.1230256703125 0.4744613078125 0.08218518124999999 0.472536515625 0.0761347390625 0.6669405421875 0.12352987499999998 0.6659781437500001 0.125042484375 0.582249678125 0.1230256703125 0.4744613078125
0 0.1578157171875 0.6765645015625 0.1573115125 0.47734849687500003 0.1260508921875 0.47542370468749995 0.1265550953125 0.5707009234375 0.12806770625 0.6717525234374999 0.1578157171875 0.6765645015625
0 0.1875637265625 0.6813764828125 0.1926057625 0.47349891250000004 0.1608409375 0.47734849687500003 0.160336734375 0.5832120734374999 0.16285775156249999 0.6756021062500001 0.1875637265625 0.6813764828125
0 0.192101559375 0.571663321875 0.193109965625 0.6813764828125 0.2228579765625 0.6861884640625 0.22487479062500002 0.5832120734374999 0.2228579765625 0.4869724578125 0.19462257656249998 0.4802356859375 0.192101559375 0.571663321875
0 0.2279000125 0.5851368671875 0.22638740156249998 0.6823388796875001 0.254118596875 0.6881132562500001 0.2581522265625 0.582249678125 0.2581522265625 0.48793485625 0.2243705875 0.4840852703125 0.2279000125 0.5851368671875
0 0.2863876265625 0.6881132562500001 0.2909254578125 0.4840852703125 0.2596648375 0.4840852703125 0.2596648375 0.587061659375 0.2561354125 0.6871508609375 0.2863876265625 0.6881132562500001
0 0.2934464765625 0.4840852703125 0.28840444062500004 0.6881132562500001 0.32168187656249997 0.69003805 0.3252113015625 0.4840852703125 0.2934464765625 0.4840852703125
0 0.3282365234375 0.4840852703125 0.323698690625 0.6842636734374999 0.356976125 0.6871508609375 0.36000134687499996 0.483122875 0.3282365234375 0.4840852703125
0 0.3620181609375 0.48216047656249994 0.3584887375 0.6890756515625001 0.39479139375 0.6919628421875 0.394287190625 0.4869724578125 0.3620181609375 0.48216047656249994
0 0.5571449421875 0.497558815625 0.554623925 0.70062440625 0.590422378125 0.7035115953125 0.5924391921875001 0.4994836078125 0.5571449421875 0.497558815625
0 0.50974980625 0.696774821875 0.5536155171875 0.70062440625 0.556136534375 0.4994836078125 0.5132792328125 0.4965964203125 0.50974980625 0.696774821875
0 0.5949602109375001 0.497558815625 0.590422378125 0.7015868015625 0.62269140625 0.7035115953125 0.6236998125000001 0.5014084015625 0.5949602109375001 0.497558815625
0 0.6247082203125001 0.7015868015625 0.6635318953125 0.7035115953125 0.6665571171875 0.502370796875 0.6282376453125 0.50044600625 0.6247082203125001 0.7015868015625
0 0.7931122125 0.6659781437500001 0.7754650859375001 0.5774376984375 0.75882636875 0.48119808124999996 0.7149606578125 0.5110323625000001 0.733616190625 0.609196771875 0.7472296875 0.6938876328125 0.7931122125 0.6659781437500001
0 0.7956332296874999 0.66309095625 0.8258854437500001 0.645767825 0.807734115625 0.5610769640625 0.7885743796875 0.4581005734375 0.7613473875000001 0.47638610000000003 0.776977696875 0.5774376984375 0.7956332296874999 0.66309095625
0 0.8087425234375001 0.5524153968750001 0.82941486875 0.6419182421875 0.8631965078125001 0.61593354375 0.8410115515625 0.522581115625 0.8263896468749999 0.494671628125 0.8142887625 0.4619501578125 0.816305575 0.4378902546875 0.7926080078125 0.45425098906250005 0.8087425234375001 0.5524153968750001
0 0.8233644265625 0.6679029375 0.8571460640625 0.8555701875 0.9100874390625 0.818999134375 0.874793190625 0.6371062609375 0.8233644265625 0.6679029375
0 0.8384905328125001 0.7612553656250001 0.822860221875 0.67271491875 0.7956332296874999 0.68522606875 0.8097509296875 0.7853152703124999 0.82941486875 0.8777053 0.8561376578125 0.86038216875 0.8384905328125001 0.7612553656250001
0 0.8057173015625001 0.7853152703124999 0.7915996015625 0.6919628421875 0.7628599984375 0.7102483687500001 0.775969290625 0.8007136078125001 0.7951290265625001 0.9027276000000001 0.8258854437500001 0.87963009375 0.8057173015625001 0.7853152703124999
0 0.7578179625 0.7189099328124999 0.72353211875 0.742007440625 0.73059096875 0.7978264203125 0.7240363234375 0.8055255890625 0.7310951734375 0.8555701875 0.743196059375 0.853645396875 0.75328013125 0.9085019765625001 0.77647349375 0.9085019765625001 0.7910953968750001 0.9027276000000001 0.7734482734375 0.8141871546875 0.7578179625 0.7189099328124999
0 0.6958009234375 0.90465239375 0.6927757015625 0.8517206046875 0.700842959375 0.8488334156249999 0.6978177375 0.7776161 0.6912630921875 0.776653703125 0.6897504796875 0.7237219140625 0.650422603125 0.734308271875 0.6453805671875 0.8209239281249999 0.6463889734375 0.9248627125000001 0.6786580015625 0.9277499015625 0.679666409375 0.9133139578125 0.6958009234375 0.90465239375
0 0.6433637515624999 0.92967469375 0.6423553453124999 0.8228487187500001 0.648909990625 0.731421084375 0.6176493703125 0.7256467078125 0.61210313125 0.8228487187500001 0.6095821140625 0.9239003171875 0.6433637515624999 0.92967469375
0 0.583363528125 0.74489463125 0.5793299000000001 0.7497066109375 0.5793299000000001 0.823811115625 0.5752962703125 0.9248627125000001 0.6065568921875 0.92967469375 0.6090779093750001 0.8209239281249999 0.6141199453125 0.7285338953125 0.5894139703125 0.7285338953125 0.583363528125 0.74489463125
0 0.5853803421875 0.726609103125 0.5531113140625 0.726609103125 0.5510944984374999 0.7506690078125 0.5455482593750001 0.7525938 0.5445398531250001 0.818999134375 0.543531446875 0.921013128125 0.5737836609375 0.921975525 0.577313084375 0.8199615296875 0.5758004734375 0.7506690078125 0.5843719359375 0.7458570265625 0.5853803421875 0.726609103125
0 0.4921026828125 0.7891648531250001 0.48958166406250003 0.89214124375 0.5072287890625 0.8969532250000001 0.50622038125 0.921013128125 0.5384894109375 0.921975525 0.541010428125 0.818999134375 0.54151463125 0.7833904765625 0.5384894109375 0.7612553656250001 0.547565075 0.74489463125 0.5485734812499999 0.7237219140625 0.48756484999999994 0.7169851406250001 0.48655644374999996 0.786277665625 0.4921026828125 0.7891648531250001