0 0.0978366546875 0.0283303953125 0.0984443375 0.0812138 0.222411278125 0.0862503140625 0.22423432187499998 0.0302190890625 0.0978366546875 0.0283303953125
0 0.0893291203125 0.0824729296875 0.08872143906249999 0.12465373906249999 0.2205882359375 0.130949384375 0.22362664062499998 0.08876857187500001 0.0893291203125 0.0824729296875
0 0.0978366546875 0.1460589265625 0.097228975 0.16683455 0.2205882359375 0.171871065625 0.2205882359375 0.131578946875 0.086290715625 0.1240241765625 0.0856830328125 0.1447997984375 0.0978366546875 0.1460589265625
0 0.10695187187499999 0.19453538125 0.10512882812499999 0.20838579687499997 0.2132960625 0.2140518765625 0.2157267859375 0.1743893234375 0.0960136125 0.16746411562500002 0.09479825 0.1876101734375 0.10695187187499999 0.19453538125
0 0.09479825 0.20712666875000002 0.0935828875 0.2499370421875 0.21511910625000003 0.257491815625 0.21694214843749998 0.2140518765625 0.09479825 0.20712666875000002
0 0.0911521625 0.25182573750000004 0.086290715625 0.289599596875 0.21086533749999997 0.29652480468750003 0.2132960625 0.2593805078125 0.0911521625 0.25182573750000004
0 0.0881137578125 0.2902291625 0.08750607656250001 0.336187359375 0.20843461406250002 0.338705615625 0.20843461406250002 0.30030219062499997 0.0881137578125 0.2902291625
0 0.085075353125 0.33555779375 0.086290715625 0.3764794765625 0.2023578015625 0.38466381250000004 0.21025765624999998 0.33933517968750004 0.085075353125 0.33555779375
0 0.082644628125 0.3802568625 0.080213903125 0.42558549375 0.20721925156249998 0.42873331718749996 0.20904229375 0.38844119843749997 0.082644628125 0.3802568625
0 0.0990520171875 0.444472425 0.0966212921875 0.46084109843750004 0.2066115703125 0.46587761250000004 0.20721925156249998 0.43188113906250003 0.0796062234375 0.42621505937500004 0.081429265625 0.44006547500000004 0.0990520171875 0.444472425
0 0.2060038890625 0.513724503125 0.20904229375 0.4652480484375 0.09419056875000001 0.46084109843750004 0.080821584375 0.46587761250000004 0.07778317968750001 0.5112062453124999 0.2060038890625 0.513724503125
0 0.35367039375 0.0572903546875 0.3512396703125 0.033996475 0.24611084062500002 0.027071267187499998 0.23942634843750002 0.08562075 0.3706854640625 0.093175521875 0.367039378125 0.06295643281249999 0.35367039375 0.0572903546875
0 0.3633932921875 0.1145807109375 0.3706854640625 0.09569377968750001 0.2412493921875 0.0881390078125 0.23821098593749998 0.12591286875000002 0.3500243078125 0.133467640625 0.3506319875 0.1145807109375 0.3633932921875 0.1145807109375
0 0.36886242187499996 0.17753714375000001 0.3725085078125 0.1473180546875 0.35427807499999997 0.1422815421875 0.3548857546875 0.13472676875 0.23942634843750002 0.12906068906249998 0.23606078125000002 0.17264527031250002 0.36886242187499996 0.17753714375000001
0 0.364608653125 0.2033492828125 0.367039378125 0.17942583750000002 0.23821098593749998 0.17690757968749998 0.236995625 0.21657013281249998 0.344555178125 0.21971795625 0.3463782203125 0.20712666875000002 0.364608653125 0.2033492828125
0 0.3463782203125 0.22034751875 0.23881866875000002 0.2178292625 0.23395721875 0.25686225 0.36096256718749997 0.2612692015625 0.3633932921875 0.23356837187499999 0.3463782203125 0.2266431640625 0.3463782203125 0.22034751875
0 0.3603548859375 0.28456308125 0.36278560937500004 0.2631578953125 0.23395721875 0.2600100734375 0.2345649 0.2990430625 0.342124453125 0.30407957812499997 0.3463782203125 0.28582221093750004 0.3603548859375 0.28456308125
0 0.3554934375 0.3166708640625 0.3451628578125 0.306597834375 0.2357802625 0.30030219062499997 0.2345649 0.341223871875 0.29047156093750004 0.34563082343749996 0.3597472046875 0.3437421296875 0.3554934375 0.3166708640625
0 0.361570246875 0.34751951718749996 0.23213417656250002 0.3424830015625 0.2297034515625 0.3808864265625 0.2862177921875 0.3871820703125 0.343339815625 0.38655250625000004 0.343339815625 0.3670360109375 0.361570246875 0.34751951718749996
0 0.3530627125 0.3871820703125 0.292902284375 0.3871820703125 0.23031113281249999 0.38340468437499997 0.2278804078125 0.42558549375 0.286825475 0.4274741890625 0.34941662500000004 0.42936288125 0.3530627125 0.3871820703125
0 0.226057365625 0.42873331718749996 0.221195915625 0.4728028203125 0.25704910000000003 0.471543690625 0.2655566359375 0.4879123640625 0.298979096875 0.48602367187500006 0.29715605156249997 0.4759506421875 0.33240155625 0.475321078125 0.33422459843749996 0.453286325 0.34820126406249996 0.45454545468749996 0.3500243078125 0.4281037515625 0.226057365625 0.42873331718749996
0 0.4630529890625 0.097582471875 0.6137579 0.105766809375 0.6107194953125 0.047846890625 0.4666990765625 0.044699067187500004 0.4630529890625 0.097582471875
0 0.75899368125 0.112062453125 0.75534759375 0.0805842359375 0.741978609375 0.075547721875 0.7413709296875 0.055401662500000004 0.6429265921875 0.047217325 0.6374574625 0.1063963734375 0.6885026734374999 0.112062453125 0.75899368125 0.112062453125
0 0.483106465625 0.101359859375 0.484929509375 0.12150591875000001 0.49829849375 0.1328380765625 0.506198346875 0.14291110468749998 0.60889645 0.1479476203125 0.60889645 0.10513724531249999 0.5493437046875 0.1063963734375 0.483106465625 0.101359859375
0 0.605250365625 0.150465878125 0.5456976171875 0.148577184375 0.5001215359375 0.140392846875 0.5001215359375 0.1498363125 0.483106465625 0.150465878125 0.4800680609375 0.1838327875 0.54326689375 0.18886930156249998 0.575473990625 0.19012843125 0.6064657265625 0.186980609375 0.605250365625 0.150465878125
0 0.68789499375 0.1523545703125 0.7395478843750001 0.152984134375 0.7401555671875 0.1378745921875 0.75048614375 0.1366154625 0.75777831875 0.11395114531249999 0.6957948468749999 0.11646940312500001 0.6350267374999999 0.1063963734375 0.6301652890625 0.14920675 0.68789499375 0.1523545703125
0 0.68789499375 0.1939058171875 0.7541322312500001 0.1983127671875 0.7571706359375 0.16557542187500002 0.7407632468750001 0.16116847031249998 0.742586290625 0.1542432625 0.6897180359374999 0.1561319578125 0.6325960140625 0.1523545703125 0.6313806515625 0.186980609375 0.68789499375 0.1939058171875
0 0.46912980156249995 0.22349534062499998 0.5469129796875001 0.2310501140625 0.6076810890625 0.23293880625000002 0.6095041328125 0.186980609375 0.5450899375 0.1926466890625 0.4727758875 0.18572148125000001 0.46912980156249995 0.22349534062499998
0 0.6872873109375 0.2367161921875 0.733471075 0.23608662812499998 0.7401555671875 0.2228657765625 0.7541322312500001 0.21594056875 0.7559552734375 0.1970536390625 0.6903257171875 0.196424075 0.63563441875 0.1876101734375 0.6332036953125 0.23356837187499999 0.6872873109375 0.2367161921875
0 0.4618376265625 0.26693528125 0.5359747203125 0.2732309234375 0.6034273203125 0.27260135937499996 0.6064657265625 0.23608662812499998 0.5475206625 0.23419793437499997 0.4648760328125 0.22349534062499998 0.4618376265625 0.26693528125
0 0.7620320859375 0.28015613125 0.7632474484375 0.2291614203125 0.7346864375 0.2367161921875 0.68789499375 0.2398640140625 0.6332036953125 0.23608662812499998 0.627126884375 0.27449005312499997 0.68546426875 0.2776378734375 0.7620320859375 0.28015613125
0 0.7541322312500001 0.3210778140625 0.765678171875 0.2996726265625 0.75777831875 0.2776378734375 0.6848565875 0.2782674390625 0.627126884375 0.27574918125000003 0.627126884375 0.31163434843750004 0.6787797765625 0.31981868593749996 0.7541322312500001 0.3210778140625
0 0.484321828125 0.3110047859375 0.5450899375 0.3154117359375 0.605250365625 0.3160412984375 0.604035003125 0.2732309234375 0.5414438500000001 0.27574918125000003 0.481283421875 0.27260135937499996 0.484321828125 0.3110047859375
0 0.745624696875 0.3166708640625 0.683641225 0.3210778140625 0.624696159375 0.31415260625 0.623480796875 0.35507428750000003 0.6830335437499999 0.3638881890625 0.742586290625 0.36514731875 0.745624696875 0.3166708640625
0 0.4891832765625 0.3135230421875 0.4776373359375 0.3210778140625 0.4764219734375 0.351296903125 0.54205153125 0.3613699328125 0.5997812359375 0.3619994953125 0.5997812359375 0.3191891203125 0.543874575 0.31792999375000003 0.4891832765625 0.3135230421875
0 0.4727758875 0.35696298125000003 0.47459893124999997 0.392218584375 0.5128828390625 0.4010324859375 0.5402284875000001 0.40480987187500006 0.5973505109375 0.4010324859375 0.6016042781250001 0.366406446875 0.5384054453125 0.3657768828125 0.4727758875 0.35696298125000003
0 0.6210500734375 0.3594812390625 0.6204423921875 0.424326365625 0.7413709296875 0.43062200937500006 0.743801653125 0.368295140625 0.6812105015625 0.367665575 0.6210500734375 0.3594812390625
0 0.5961351484375 0.40480987187500006 0.5384054453125 0.40795769374999996 0.483714146875 0.40166205 0.4752066109375 0.4010324859375 0.47095284375 0.44006547500000004 0.5949197859375001 0.447620246875 0.5961351484375 0.40480987187500006
0 0.508021390625 0.57038529375 0.61436558125 0.541425334375 0.5985658734375 0.4872828 0.4758142921875 0.5219088390625 0.4867525515625 0.560941828125 0.5013368984375 0.5622009578125 0.508021390625 0.57038529375
0 0.4952600875 0.588642659375 0.5013368984375 0.61760261875 0.6216577546875001 0.582347015625 0.6125425375 0.5439435921875 0.506806028125 0.5722739859375 0.506198346875 0.5804583234375 0.4952600875 0.588642659375
0 0.5256441421875 0.6396373718749999 0.5274671859375 0.6528582218750001 0.633811375 0.62578695625 0.625303840625 0.5842357093749999 0.5001215359375 0.6194913109375 0.504375303125 0.635859984375 0.5256441421875 0.6396373718749999
0 0.6435342734375 0.667967765625 0.633811375 0.631453034375 0.5268595046875 0.6553764796875 0.5128828390625 0.66859733125 0.5201750125 0.6988164203125 0.6435342734375 0.667967765625
0 0.5481283421875001 0.7359607140625 0.6544725328125 0.7095190125 0.6441419546875 0.6704860234375001 0.5201750125 0.7025938046875 0.5268595046875 0.7208511703125 0.543874575 0.7208511703125 0.5481283421875001 0.7359607140625
0 0.66419543125 0.7454041796875 0.6544725328125 0.7126668359375 0.5444822546875 0.7397381015625 0.5335439953125001 0.7504406953125 0.543874575 0.783178040625 0.66419543125 0.7454041796875
0 0.5578512390625 0.8071014859375 0.56575109375 0.8240997234374999 0.6769567328125 0.793880634375 0.66298006875 0.7485520015625 0.5402284875000001 0.7882145546875 0.5463053 0.8020649703125 0.5578512390625 0.8071014859375
0 0.733471075 0.4879123640625 0.627734565625 0.5193905812499999 0.6423189109375 0.573533115625 0.7614244046875001 0.5376479468750001 0.7450170140625 0.4879123640625 0.733471075 0.4879123640625
0 0.765070490625 0.5628305203124999 0.763855128125 0.539536640625 0.6465726796875 0.5747922437499999 0.6575109390625 0.6138252328125 0.7535245515625 0.5854948375 0.7510938265625 0.5684966 0.765070490625 0.5628305203124999
0 0.7796548375000001 0.6245278265625 0.7717549828125 0.5773105015625 0.6490034031249999 0.6150843609375001 0.6550802140624999 0.6560060437499999 0.7796548375000001 0.6245278265625
0 0.7954545453125 0.66041299375 0.786339328125 0.6188617484375001 0.65690325625 0.659153865625 0.6696645609375 0.6962981625 0.7954545453125 0.66041299375
0 0.8039620796875001 0.705741628125 0.792416140625 0.6597834296875 0.671487603125 0.6994459828124999 0.68060281875 0.7378494078125 0.8039620796875001 0.705741628125
0 0.8173310640624999 0.7655502390625 0.8063928046875001 0.7070007546875 0.683641225 0.7409972296875 0.6945794859375 0.7989171500000001 0.8173310640624999 0.7655502390625
0 0.3548857546875 0.5439435921875 0.3439474953125 0.5426844625 0.3354399609375 0.5231679687499999 0.23821098593749998 0.5470914125 0.24550316093750002 0.605640896875 0.3621779296875 0.5747922437499999 0.3548857546875 0.5439435921875
0 0.3682547390625 0.6031226390625 0.36096256718749997 0.576051371875 0.249756928125 0.6094182828125 0.25887214375 0.650339965625 0.3554934375 0.620750440625 0.3573164796875 0.607529590625 0.3682547390625 0.6031226390625
0 0.21147301875000002 0.5634600859375001 0.1148517265625 0.5899017875 0.0984443375 0.6169730546875 0.1014827421875 0.6490808359375 0.22423432187499998 0.6194913109375 0.222411278125 0.6069000250000001 0.22484200312499997 0.602493075 0.2205882359375 0.5892722234375001 0.2157267859375 0.58738353125 0.21147301875000002 0.5634600859375001
0 0.1251823046875 0.6698564593749999 0.13125911562499998 0.6874842609375 0.1853427328125 0.674263409375 0.23213417656250002 0.6623016875000001 0.222411278125 0.6232686984375 0.10512882812499999 0.6490808359375 0.109382596875 0.672374715625 0.1251823046875 0.6698564593749999
0 0.3621779296875 0.6333417265625 0.36096256718749997 0.620750440625 0.2576567828125 0.6534877859375 0.2655566359375 0.6855955671875 0.3816237234375 0.6553764796875 0.3779776375 0.6283052140625001 0.3621779296875 0.6333417265625
0 0.1184978125 0.7000755468750001 0.1263976671875 0.72903550625 0.247933884375 0.6994459828124999 0.23517258124999998 0.6629312515625 0.1184978125 0.7000755468750001
0 0.3943850265625 0.6767816671875 0.391346621875 0.65411735 0.26859504218749997 0.6887433890625 0.27649489531250004 0.72399899375 0.3810160421875 0.6994459828124999 0.38405444843750003 0.6843364390625 0.3943850265625 0.6767816671875
0 0.1482741859375 0.7523293875 0.1494895484375 0.766179803125 0.2558337375 0.740367665625 0.2491492453125 0.6994459828124999 0.1257899859375 0.72903550625 0.1336898390625 0.7510702593749999 0.1482741859375 0.7523293875
0 0.3858774921875 0.7095190125 0.3810160421875 0.7013346765625 0.28135634375 0.7271468140625 0.29107924218750003 0.77121631875 0.4059309671875 0.7359607140625 0.40106951874999996 0.705741628125 0.3858774921875 0.7095190125
0 0.1409820125 0.7819189125 0.1482741859375 0.812767565625 0.26981040312500004 0.7825484765625 0.2576567828125 0.742885921875 0.1507049109375 0.7674389328125 0.148881865625 0.774364140625 0.1409820125 0.7819189125
0 0.40896937343750006 0.7598841609375 0.40957705312500003 0.738478971875 0.2922946046875 0.7731050109375001 0.30444822656250004 0.808360615625 0.3980311140625 0.783178040625 0.39742343125 0.766179803125 0.40896937343750006 0.7598841609375
0 0.1689353421875 0.8297658015625 0.174404471875 0.8530596828125001 0.2801409828125 0.8253588515624999 0.2667719984375 0.785066734375 0.14523578125 0.8171745156249999 0.152527953125 0.8297658015625 0.1689353421875 0.8297658015625
0 0.39985415625 0.7907328125 0.3980311140625 0.78443716875 0.30444822656250004 0.8115084359375 0.314778803125 0.855577940625 0.42719980625 0.8203223359375 0.4174769078125 0.785066734375 0.39985415625 0.7907328125
0 0.1683276625 0.89524049375 0.2345649 0.8820196421875 0.2862177921875 0.8612440187500001 0.27649489531250004 0.8272475437500001 0.1725814296875 0.8530596828125001 0.16103548750000002 0.8681692265625 0.1683276625 0.89524049375
0 0.42112299531249997 0.8681692265625 0.4192999515625 0.8518005546874999 0.42963052968750004 0.8467640390625 0.42841516718749995 0.821581465625 0.3153864859375 0.8599848906249999 0.3238940203125 0.892092671875 0.38405444843750003 0.878871821875 0.42112299531249997 0.8681692265625
0 0.16650461875 0.8996474453125 0.1731891109375 0.916016115625 0.1865580953125 0.9147569875 0.1938502671875 0.9355326109375 0.2995867765625 0.9034248296875 0.2886485171875 0.8562075046875 0.23274185625000002 0.8857970296875 0.16650461875 0.8996474453125