0 0.1458333328125 0.556708915625 0.090773809375 0.5539772734375 0.084821428125 0.6769012234375 0.143353175 0.6823645109375 0.1458333328125 0.62226835625 0.1458333328125 0.556708915625
0 0.147321428125 0.556708915625 0.146329365625 0.6823645109375 0.1835317453125 0.6829108390624999 0.1855158734375 0.5550699296875 0.147321428125 0.556708915625
0 0.1875 0.555616259375 0.18402777812499999 0.6861888109375001 0.22569444375 0.6861888109375001 0.2227182546875 0.559440559375 0.1875 0.555616259375
0 0.22767857187499999 0.6178977265625 0.2266865078125 0.6856424828125001 0.262896825 0.6861888109375001 0.2668650796875 0.615166084375 0.2619047625 0.5583479015624999 0.2251984125 0.5583479015624999 0.22767857187499999 0.6178977265625
0 0.26884920625 0.6168050703125 0.264880953125 0.6845498250000001 0.3040674609375 0.687827796875 0.3040674609375 0.6135270984375001 0.302579365625 0.55889423125 0.2643849203125 0.5583479015624999 0.26884920625 0.6168050703125
0 0.3050595234375 0.6168050703125 0.3050595234375 0.6861888109375001 0.34375 0.687827796875 0.34821428593750003 0.6233610140625 0.34325396874999997 0.5610795453125 0.30357142812500004 0.559440559375 0.3050595234375 0.6168050703125
0 0.3501984125 0.616258740625 0.346230159375 0.687827796875 0.38392857187499996 0.6894667828125 0.3834325390625 0.6118881125 0.38392857187499996 0.5583479015624999 0.34375 0.559440559375 0.3501984125 0.616258740625
0 0.3883928578125 0.616258740625 0.3859126984375 0.6840034968750001 0.4270833328125 0.686735140625 0.428075396875 0.624453671875 0.4231150796875 0.562172203125 0.387896825 0.5605332171875 0.3883928578125 0.616258740625
0 0.4295634921875 0.6260926578125 0.4310515875 0.6845498250000001 0.4672619046875 0.685096153125 0.46924603125 0.6260926578125 0.4613095234375 0.562172203125 0.4231150796875 0.559440559375 0.4295634921875 0.6260926578125
0 0.5089285718750001 0.58129370625 0.5009920640625001 0.57200611875 0.5 0.56271853125 0.4632936515625 0.5610795453125 0.4697420640625 0.6157124125 0.46825396875 0.6883741265625 0.5133928578125 0.687827796875 0.5109126984375 0.63155594375 0.5089285718750001 0.58129370625
0 0.5089285718750001 0.8211319937500001 0.50595238125 0.70039335625 0.44990079375 0.7014860140625 0.45535714218749995 0.763221153125 0.452876984375 0.8222246500000001 0.5089285718750001 0.8211319937500001
0 0.4479166671875 0.8233173078125 0.452876984375 0.7599431812499999 0.4479166671875 0.7009396859375 0.4166666671875 0.7014860140625 0.41765872968749995 0.7643138109375001 0.41319444375 0.8222246500000001 0.4479166671875 0.8233173078125
0 0.4117063484375 0.8216783218750001 0.41617063437499996 0.756665209375 0.4117063484375 0.7020323421875 0.375 0.7009396859375 0.37400793593750004 0.7615821671874999 0.36805555624999997 0.8178540203125 0.4117063484375 0.8216783218750001
0 0.3710317453125 0.6993007 0.3333333328125 0.699847028125 0.3323412703125 0.82495629375 0.365575396875 0.8222246500000001 0.37053571406249997 0.7517482515625 0.3710317453125 0.6993007
0 0.29017857187499996 0.8194930062499999 0.3318452375 0.8238636359375 0.330853175 0.70039335625 0.296130953125 0.7009396859375 0.29017857187499996 0.8194930062499999
0 0.2514880953125 0.8178540203125 0.28819444375000003 0.8227709796875 0.2926587296875 0.6987543703125 0.25347222187499996 0.697115384375 0.2514880953125 0.8178540203125
0 0.20982142812500001 0.8211319937500001 0.2485119046875 0.8238636359375 0.2539682546875 0.7014860140625 0.21279761874999997 0.699847028125 0.20982142812500001 0.8211319937500001
0 0.17261904687500002 0.8216783218750001 0.2078373015625 0.8238636359375 0.209325396875 0.6982080421875 0.17113095312499998 0.6960227265625 0.17261904687500002 0.8216783218750001
0 0.1289682546875 0.8211319937500001 0.169146825 0.8216783218750001 0.1676587296875 0.6976617140625 0.12946428593749998 0.6982080421875 0.1289682546875 0.8211319937500001
0 0.0892857140625 0.8178540203125 0.1264880953125 0.8189466781249999 0.12847222187500001 0.6982080421875 0.09275793593750001 0.69656905625 0.0892857140625 0.8178540203125
0 0.5828373015625 0.6987543703125 0.53075396875 0.6987543703125 0.53125 0.8205856640625001 0.5853174609375 0.8205856640625001 0.5828373015625 0.6987543703125
0 0.5828373015625 0.6982080421875 0.5873015875 0.8233173078125 0.625 0.8211319937500001 0.6240079359374999 0.7014860140625 0.5828373015625 0.6982080421875
0 0.6259920640625001 0.699847028125 0.628472221875 0.8238636359375 0.6641865078125 0.8227709796875 0.6631944437499999 0.6982080421875 0.6259920640625001 0.699847028125
0 0.6636904765625 0.6987543703125 0.6651785718750001 0.8233173078125 0.70634920625 0.824409965625 0.702876984375 0.7020323421875 0.6636904765625 0.6987543703125
0 0.703869046875 0.6987543703125 0.7083333328125 0.82495629375 0.7410714281249999 0.8265952796875 0.74404761875 0.6982080421875 0.703869046875 0.6987543703125
0 0.7445436515625 0.69656905625 0.7445436515625 0.8238636359375 0.784722221875 0.8238636359375 0.7832341265625 0.6954763984375 0.7445436515625 0.69656905625
0 0.7867063484375 0.70039335625 0.7862103171875 0.825502621875 0.8239087296875001 0.8205856640625001 0.822420634375 0.7009396859375 0.7867063484375 0.70039335625
0 0.8258928578125 0.70039335625 0.825396825 0.824409965625 0.862103175 0.8260489515625 0.8640873015625001 0.70039335625 0.8258928578125 0.70039335625
0 0.8635912703124999 0.6976617140625 0.8645833328125001 0.8238636359375 0.9012896828124999 0.82495629375 0.9007936515624999 0.6954763984375 0.8635912703124999 0.6976617140625
0 0.903769840625 0.6982080421875 0.903769840625 0.8238636359375 0.9464285718750001 0.8260489515625 0.9429563484375001 0.70039335625 0.903769840625 0.6982080421875
0 0.9449404765624999 0.7009396859375 0.9489087296875001 0.82495629375 0.985119046875 0.8216783218750001 0.9831349203125 0.7020323421875 0.9449404765624999 0.7009396859375
0 0.5262896828125 0.6818181812499999 0.5868055562500001 0.6840034968750001 0.5848214281249999 0.5616258734375 0.5292658734375 0.5616258734375 0.5262896828125 0.6818181812499999
0 0.591269840625 0.6845498250000001 0.62549603125 0.6845498250000001 0.6264880953125 0.625546328125 0.6205357140625 0.5610795453125 0.5873015875 0.5616258734375 0.58779761875 0.634833915625 0.591269840625 0.6845498250000001
0 0.627976190625 0.6840034968750001 0.6617063484375 0.6840034968750001 0.666170634375 0.6386582171875 0.6666666671875 0.56271853125 0.6235119046875 0.5605332171875 0.6289682546875001 0.637565559375 0.627976190625 0.6840034968750001
0 0.6631944437499999 0.6856424828125001 0.7048611109375 0.6861888109375001 0.705853175 0.6392045453125 0.703869046875 0.5643575171874999 0.6706349203124999 0.563264859375 0.6676587296875 0.6359265734374999 0.6631944437499999 0.6856424828125001
0 0.70634920625 0.6861888109375001 0.7445436515625 0.6856424828125001 0.7450396828125 0.6200830421875 0.7410714281249999 0.5610795453125 0.705853175 0.5610795453125 0.7078373015625 0.633741259375 0.70634920625 0.6861888109375001
0 0.746527778125 0.6845498250000001 0.783730159375 0.68728146875 0.7867063484375 0.6392045453125 0.784722221875 0.55889423125 0.7460317453124999 0.5572552453124999 0.747519840625 0.6397508734375 0.746527778125 0.6845498250000001
0 0.7832341265625 0.6861888109375001 0.8174603171875001 0.6856424828125001 0.827876984375 0.641389859375 0.8239087296875001 0.5605332171875 0.7876984125 0.5583479015624999 0.78720238125 0.6386582171875 0.7832341265625 0.6861888109375001
0 0.822420634375 0.685096153125 0.8640873015625001 0.6861888109375001 0.8660714281249999 0.64084353125 0.858630953125 0.5616258734375 0.827380953125 0.5610795453125 0.8333333328125001 0.63701923125 0.822420634375 0.685096153125
0 0.8660714281249999 0.6861888109375001 0.9042658734375 0.6861888109375001 0.9082341265625 0.641389859375 0.9017857140625001 0.5643575171874999 0.8616071421875 0.562172203125 0.8700396828124999 0.640297203125 0.8660714281249999 0.6861888109375001
0 0.9072420640625 0.68728146875 0.9424603171875001 0.6861888109375001 0.9459325390625001 0.6299169578125 0.9394841265625 0.5599868875 0.9072420640625 0.562172203125 0.9117063484375001 0.6386582171875 0.9072420640625 0.68728146875
0 0.9444444437499999 0.686735140625 0.9885912703124999 0.6845498250000001 0.9856150796875 0.587303321875 0.9742063484375001 0.5583479015624999 0.9429563484375001 0.5599868875 0.9494047625 0.6304632859375 0.9444444437499999 0.686735140625
0 0.62549603125 0.28736888125000004 0.5699404765625 0.28463723750000003 0.5689484125 0.405922203125 0.6264880953125 0.405922203125 0.627976190625 0.3518356640625 0.62549603125 0.28736888125000004
0 0.6304563484375 0.2857298953125 0.627480159375 0.407014859375 0.6651785718750001 0.4081075171875 0.666170634375 0.2857298953125 0.6304563484375 0.2857298953125
0 0.669146825 0.2862762234375 0.6651785718750001 0.4081075171875 0.705853175 0.4075611890625 0.7073412703125 0.28463723750000003 0.669146825 0.2862762234375
0 0.7123015875 0.2835445796875 0.70634920625 0.4081075171875 0.7455357140625 0.407014859375 0.75049603125 0.286822553125 0.7123015875 0.2835445796875
0 0.7514880953125 0.2835445796875 0.75 0.40646853125 0.7876984125 0.405922203125 0.7876984125 0.2851835671875 0.7514880953125 0.2835445796875
0 0.7921626984375 0.2835445796875 0.7891865078125 0.407014859375 0.8258928578125 0.40865384687499995 0.8268849203125 0.2835445796875 0.7921626984375 0.2835445796875
0 0.83134920625 0.28463723750000003 0.828373015625 0.40974650312499994 0.8640873015625001 0.41029283281250006 0.865079365625 0.2851835671875 0.83134920625 0.28463723750000003
0 0.8675595234375001 0.2824519234375 0.865575396875 0.4081075171875 0.9082341265625 0.40865384687499995 0.90674603125 0.28463723750000003 0.8675595234375001 0.2824519234375
0 0.909722221875 0.2851835671875 0.908730159375 0.41029283281250006 0.946924603125 0.41083916093750006 0.947420634375 0.286822553125 0.909722221875 0.2851835671875
0 0.9513888890625 0.2862762234375 0.9484126984374999 0.4081075171875 0.987103175 0.4081075171875 0.9866071421875 0.286822553125 0.9513888890625 0.2862762234375
0 0.5694444437499999 0.2666083921875 0.628472221875 0.26770104843750003 0.628472221875 0.14368444062500002 0.5714285718750001 0.14368444062500002 0.5694444437499999 0.2666083921875
0 0.6319444437499999 0.14204545468750002 0.6324404765625 0.268247378125 0.6666666671875 0.2704326921875 0.666170634375 0.14423076875000002 0.6319444437499999 0.14204545468750002
0 0.6701388890625 0.1447770984375 0.669146825 0.2666083921875 0.7103174609375 0.2660620625 0.7043650796875001 0.1453234265625 0.6701388890625 0.1447770984375
0 0.708829365625 0.14423076875000002 0.7132936515625 0.26770104843750003 0.7460317453124999 0.2666083921875 0.7485119046875 0.1453234265625 0.708829365625 0.14423076875000002
0 0.7514880953125 0.13986014062500002 0.747023809375 0.27261800625 0.7886904765625 0.2704326921875 0.7862103171875 0.1431381125 0.7514880953125 0.13986014062500002
0 0.7921626984375 0.14368444062500002 0.7881944437499999 0.2704326921875 0.8293650796875 0.2709790203125 0.827380953125 0.14368444062500002 0.7921626984375 0.14368444062500002
0 0.8333333328125001 0.1425917828125 0.8258928578125 0.2704326921875 0.8680555562500001 0.269340034375 0.865575396875 0.1453234265625 0.8333333328125001 0.1425917828125
0 0.8740079359375 0.1431381125 0.8710317453125 0.2698863640625 0.90674603125 0.27261800625 0.90674603125 0.1491477265625 0.8740079359375 0.1431381125
0 0.9112103171875001 0.14969405625 0.91220238125 0.2737106640625 0.9479166671874999 0.27425699375 0.9449404765624999 0.1507867140625 0.9112103171875001 0.14969405625
0 0.946924603125 0.1486013984375 0.952380953125 0.274803321875 0.9910714281249999 0.2737106640625 0.9861111109375 0.1491477265625 0.946924603125 0.1486013984375