0 0.10316539531249999 0.3695029921875 0.102336759375 0.3083528484375 0.1007449015625 0.2089924265625 0.059836365625 0.21857923437500001 0.0305287578125 0.265554596875 0.034192209375 0.36334004375 0.10316539531249999 0.3695029921875
0 0.10482267187500001 0.31030445 0.105629503125 0.3595053203125 0.1245573328125 0.36238136249999997 0.130924759375 0.3051001828125 0.12699963281249999 0.21378583125 0.105629503125 0.21474451249999998 0.10482267187500001 0.31030445
0 0.1342393109375 0.301847515625 0.1263890578125 0.3700508109375 0.156307240625 0.37292685312499996 0.1570268484375 0.305750715625 0.1569178171875 0.20611638437500002 0.128831359375 0.207075065625 0.1342393109375 0.301847515625
0 0.1595127609375 0.31160551718749996 0.1575283921875 0.3700508109375 0.186225425 0.3681334484375 0.18602916875 0.3037991140625 0.1850042734375 0.20036429843749998 0.15997069218749999 0.204199021875 0.1595127609375 0.31160551718749996
0 0.1889294 0.30640125 0.1898888765625 0.35567059687499997 0.21248015625 0.35758795781249997 0.21248015625 0.306777875 0.21064842968750003 0.204199021875 0.187446575 0.20515770312499998 0.1889294 0.30640125
0 0.21553303281249997 0.3048605125 0.21370130625 0.3595053203125 0.2393454625 0.3585466390625 0.2415478953125 0.3037991140625 0.2362925875 0.20611638437500002 0.21370130625 0.2089924265625 0.21553303281249997 0.3048605125
0 0.2436194890625 0.30314858125 0.2417877640625 0.3614226828125 0.2656001953125 0.35758795781249997 0.269307259375 0.310954984375 0.269721578125 0.2589123078125 0.24734835937500002 0.25500910781249997 0.2436194890625 0.30314858125
0 0.26804249687500004 0.3614226828125 0.294297228125 0.3585466390625 0.298309578125 0.3051001828125 0.296128953125 0.217620553125 0.27659054843750003 0.21474451249999998 0.271378853125 0.301847515625 0.26804249687500004 0.3614226828125
0 0.294297228125 0.3585466390625 0.3156673578125 0.36238136249999997 0.32234007343750004 0.30314858125 0.31749908437499996 0.2233726390625 0.2997924046875 0.21570319375000002 0.29955253593750003 0.29859484687500004 0.294297228125 0.3585466390625
0 0.411832946875 0.35683471093749997 0.410175671875 0.3002383 0.40908535781250005 0.21282715 0.3724508484375 0.20995110781249998 0.3720583359375 0.35683471093749997 0.411832946875 0.35683471093749997
0 0.41349022187499995 0.35128805625 0.4412495859375 0.3525891234375 0.438349353125 0.29859484687500004 0.4424925421875 0.2498048390625 0.412661584375 0.24655217343750002 0.411832946875 0.3005464484375 0.41349022187499995 0.35128805625
0 0.44290686093750004 0.3525891234375 0.46776599374999994 0.35323965625 0.46528007968749996 0.297944315625 0.4652582734375 0.190777490625 0.43778239062499996 0.19748825625 0.4412495859375 0.297944315625 0.44290686093750004 0.3525891234375
0 0.5104408359375 0.26076119375 0.49639760624999996 0.2569264703125 0.49395530625 0.23583549062500003 0.5067773843750001 0.23583549062500003 0.5012822078125 0.19557089375 0.467700575 0.203240340625 0.4685946296875 0.2959927140625 0.4698375875 0.35519125625000003 0.5137553859375 0.355841790625 0.5348638421875 0.33649697968750003 0.531810965625 0.297191065625 0.5128831359375 0.29239766093749997 0.5104408359375 0.26076119375
0 0.106850653125 0.5426133640625 0.106894265625 0.4540723390625 0.106894265625 0.3870673953125 0.032360484375 0.3901831078125 0.036634509375 0.50234876875 0.061057515625 0.5368612781250001 0.106850653125 0.5426133640625
0 0.1110374546875 0.45472287187499993 0.10482267187500001 0.513921415625 0.12263838281249999 0.5145719484375 0.1222240640625 0.4983086140625 0.132996353125 0.4976580796875 0.1342393109375 0.46057767343749995 0.132582034375 0.4078844640625 0.1085515421875 0.40723393281250003 0.1110374546875 0.45472287187499993
0 0.1358965859375 0.45732500781249996 0.1346536296875 0.4983086140625 0.1379681796875 0.4983086140625 0.14045409375 0.513921415625 0.16199867343750002 0.511969815625 0.16158435468750001 0.45797553906250005 0.16117003593749998 0.40983606562499997 0.1342393109375 0.4078844640625 0.1358965859375 0.45732500781249996
0 0.1644845875 0.456023940625 0.165313225 0.5152224828125 0.1897580390625 0.513921415625 0.1897580390625 0.4527712734375 0.18685780624999998 0.40918553125 0.1628273125 0.40983606562499997 0.1644845875 0.456023940625
0 0.19100099375 0.4540723390625 0.19224395156250002 0.49505594531249997 0.1951441828125 0.49375487968750004 0.19555850156250001 0.511969815625 0.21586012656250003 0.513921415625 0.21461716874999998 0.4527712734375 0.21005966250000002 0.41113713281250003 0.18810076250000002 0.4085349984375 0.19100099375 0.4540723390625
0 0.20923102500000001 0.40658339843749997 0.21627444375 0.44951860468750005 0.21751740156250002 0.50936768125 0.244448128125 0.5100182156249999 0.2432051703125 0.44821753906249995 0.24196221406250001 0.3831641953125 0.20923102500000001 0.3831641953125 0.20923102500000001 0.40658339843749997
0 0.2456910828125 0.44951860468750005 0.246105403125 0.4924538125 0.2502485921875 0.49375487968750004 0.2523201859375 0.51327088125 0.271378853125 0.51327088125 0.271793171875 0.44561540468749994 0.26804249687500004 0.37867893750000003 0.244230065625 0.376761575 0.2456910828125 0.44951860468750005
0 0.2967395296875 0.376761575 0.27048479687500004 0.37772025625 0.274279084375 0.4488680703125 0.274279084375 0.5113192828125 0.28960888281249997 0.5106687484375 0.2900232015625 0.4924538125 0.3012098109375 0.48985167812499997 0.29872389843749997 0.4475670046875 0.2967395296875 0.376761575
0 0.3012098109375 0.4488680703125 0.3036957234375 0.491803278125 0.3256546234375 0.48985167812499997 0.32606894375 0.44626593750000004 0.31933080937499997 0.37772025625 0.2997924046875 0.374844215625 0.3012098109375 0.4488680703125
0 0.32731189843749997 0.4475670046875 0.32731189843749997 0.4846474109375 0.33228372500000003 0.4846474109375 0.3335266828125 0.511969815625 0.3583858125 0.5080666140625001 0.35548558125 0.372105125 0.319025521875 0.3740567265625 0.319025521875 0.396825396875 0.32731189843749997 0.4475670046875
0 0.35962877031249996 0.3584439234375 0.35631421875 0.2289877703125 0.3219257546875 0.22833723749999998 0.3227543921875 0.248503771875 0.3248259859375 0.3048605125 0.319025521875 0.3610460578125 0.35962877031249996 0.3584439234375
0 0.37330129218749997 0.4326047359375 0.36750082812499996 0.4345563375 0.3704010609375 0.47553994375 0.37537288750000003 0.4774915421875 0.3786874375 0.4924538125 0.412661584375 0.49375487968750004 0.41100430781249997 0.4410616703125 0.41058998906250005 0.376658859375 0.37537288750000003 0.3779599265625 0.37330129218749997 0.4326047359375
0 0.41307590312500003 0.44301327187500006 0.412661584375 0.5035128796875 0.42716274531250004 0.5048139468749999 0.4284057 0.48985167812499997 0.437935034375 0.491803278125 0.4391779921875 0.44626593750000004 0.440006628125 0.39292219687499996 0.41307590312500003 0.39162112968749996 0.41307590312500003 0.44301327187500006
0 0.44332117968749996 0.396825396875 0.4404209484375 0.44301327187500006 0.437520715625 0.5028623484375 0.46569439843750005 0.5035128796875 0.4685946296875 0.4449648703125 0.46528007968749996 0.3792609953125 0.436692078125 0.379911528125 0.44332117968749996 0.396825396875
0 0.4685946296875 0.5035128796875 0.48433874687499995 0.500910746875 0.48392442812500003 0.4846474109375 0.49759695 0.48529794375 0.49593967499999997 0.4423627375 0.49511103749999996 0.389669528125 0.46610871718749997 0.3903200625 0.4723235 0.44301327187500006 0.4685946296875 0.5035128796875
0 0.5004971828125 0.44301327187500006 0.4984255875 0.48724954531250003 0.4905535296875 0.4905022109375 0.4917964859375 0.5028623484375 0.5348856484375 0.5041634140625 0.5357142859375 0.4612282078125 0.5411004296875 0.4566744734375 0.5390288359375 0.41829299999999997 0.5274279078124999 0.4202446015625 0.529085184375 0.372105125 0.4917964859375 0.3714545921875 0.4926251234375 0.3831641953125 0.4967683125 0.383814728125 0.5004971828125 0.44301327187500006
0 0.5171571625 0.13805004375000002 0.49395530625 0.174479915625 0.555623396875 0.308695234375 0.59164733125 0.252133065625 0.5171571625 0.13805004375000002
0 0.5214311875 0.1370913625 0.564782025 0.207075065625 0.5885240046875 0.2423987671875 0.6081563453125 0.2143757890625 0.584062109375 0.177245340625 0.554402246875 0.12175246875000001 0.54463304375 0.129421915625 0.5324215406249999 0.116000384375 0.5214311875 0.1370913625
0 0.611279671875 0.21297463906249997 0.6309120109374999 0.1828499359375 0.6028020703125 0.145018915625 0.5580656984375 0.07190106406249999 0.54463304375 0.10162017187500001 0.5880778156249999 0.178646490625 0.611279671875 0.21297463906249997
0 0.6349277171875001 0.178646490625 0.6655269265625 0.12558719062499998 0.61886489375 0.058848254687500004 0.58920503125 0.0421819578125 0.5678349 0.0843639140625 0.6349277171875001 0.178646490625
0 0.53408888125 0.3762084921875 0.549517646875 0.43524110781249997 0.5629503 0.48029910937500003 0.578825253125 0.476464384375 0.6008059593749999 0.4985140453125 0.6301135671875 0.44099319374999996 0.5880778156249999 0.376909065625 0.5617526328125 0.33347344843750004 0.53408888125 0.3762084921875
0 0.5889701953125 0.37410676718749997 0.63560874375 0.44386923749999996 0.6575894484375 0.40648068281249994 0.6099411031249999 0.3481855125 0.577604103125 0.29910842656250003 0.5605079984375 0.3240341296875 0.5889701953125 0.37410676718749997
0 0.6099411031249999 0.343982065625 0.6533154234375 0.39401783125 0.671022103125 0.3671747671875 0.6286810640625 0.320162534375 0.5971425078125 0.264595915625 0.577604103125 0.2895216171875 0.6099411031249999 0.343982065625
0 0.628234875 0.3117556390625 0.659021953125 0.3481855125 0.6764233453124999 0.32296483125000003 0.6505443515625 0.2914389796875 0.6160703390625 0.23679417187500001 0.5995848078125 0.26076119375 0.628234875 0.3117556390625
0 0.6469748359375 0.28093036250000003 0.6773157234375 0.318761384375 0.696055684375 0.28863668124999997 0.667499553125 0.25570968125000004 0.63621931875 0.20515770312499998 0.6191232140625 0.2339181296875 0.6469748359375 0.28093036250000003
0 0.667499553125 0.24844583125000003 0.6996252000000001 0.2876780015625 0.7156880250000001 0.25895444843750004 0.6866857046875 0.220422853125 0.6533154234375 0.1696865125 0.63805104375 0.1946122125 0.667499553125 0.24844583125000003
0 0.6545365734375 0.17160387187499998 0.7174727812499999 0.25641025625 0.745136534375 0.21367521250000002 0.7387959453125 0.19748825625 0.756502625 0.1629757453125 0.6991085609375001 0.08915731875 0.6545365734375 0.17160387187499998
0 0.0500671640625 0.7477710671875 0.0470142875 0.7688620453125 0.1088702484375 0.7622250234375 0.106240078125 0.60684498125 0.061057515625 0.6183491515624999 0.037855659375 0.6662831953125 0.038466235937499996 0.7477710671875 0.0500671640625 0.7477710671875
0 0.1088702484375 0.7559198546875 0.136534 0.756620428125 0.136087809375 0.7019756187499999 0.1367688359375 0.60684498125 0.10868237968750001 0.6078036625000001 0.111993575 0.7026761953125 0.1088702484375 0.7559198546875
0 0.1392111375 0.656438278125 0.13787256875 0.698472746875 0.137426378125 0.7482135359375001 0.16241299375 0.75311755625 0.163305371875 0.698472746875 0.15973585625 0.626313578125 0.14322684218749998 0.6270141515625001 0.142780653125 0.65363598125 0.1392111375 0.656438278125
0 0.19186150156249998 0.7412077906250001 0.1923076921875 0.6557377046874999 0.17936819531249998 0.6550371312500001 0.1784758171875 0.6284153 0.1628591828125 0.6270141515625001 0.164643940625 0.7412077906250001 0.19186150156249998 0.7412077906250001
0 0.187845796875 0.7391060671874999 0.1847224703125 0.750315259375 0.2168481171875 0.749614684375 0.217740496875 0.6935687265625 0.21553303281249997 0.601092896875 0.1941629015625 0.600134215625 0.1949848296875 0.73770491875 0.187845796875 0.7391060671874999
0 0.21797533281249998 0.7554405140625 0.246672365625 0.753523153125 0.24718900625 0.6956704499999999 0.2417877640625 0.600134215625 0.21797533281249998 0.5982168546875 0.21907906562499999 0.6963710234375 0.21797533281249998 0.7554405140625
0 0.2489737640625 0.732100321875 0.2761913265625 0.7299985999999999 0.273960378125 0.6949698765625001 0.272316521875 0.6087623421874999 0.244230065625 0.6097210234375 0.249419953125 0.6935687265625 0.2489737640625 0.732100321875
0 0.27752989375000003 0.6214095562499999 0.276637515625 0.6949698765625001 0.277976084375 0.7229928546875 0.2717294296875 0.7328008968749999 0.2703908625 0.7405072171875 0.303855078125 0.7356031953125 0.30207031875 0.699873896875 0.303855078125 0.6466302374999999 0.2927003390625 0.6431273640625 0.290469390625 0.6242118546875 0.27752989375000003 0.6214095562499999
0 0.3056398359375 0.7356031953125 0.295823665625 0.7405072171875 0.294485096875 0.75311755625 0.332411209375 0.7517164078125 0.3301802609375 0.6956704499999999 0.3291000125 0.6087623421874999 0.30040297968749996 0.603010259375 0.3034088890625 0.6963710234375 0.3056398359375 0.7356031953125
0 0.3333035875 0.7269381953125 0.35918258125 0.7318422171875001 0.35535474375 0.6039689375 0.3352057640625 0.6106797046875 0.332411209375 0.6919094718750001 0.3333035875 0.7269381953125
0 0.06533154218750001 0.9366311953125 0.1105141046875 0.934713834375 0.1088702484375 0.848395684375 0.1093164375 0.781841109375 0.0305287578125 0.784200940625 0.034192209375 0.8982839625000001 0.06533154218750001 0.9366311953125
0 0.1267178296875 0.9100462390624999 0.1280563984375 0.8904301531250001 0.1387649484375 0.8862267062500001 0.1369801890625 0.781841109375 0.1111011953125 0.780439959375 0.1111011953125 0.9121479625 0.1267178296875 0.9100462390624999
0 0.1650901296875 0.88692728125 0.1655363203125 0.849796834375 0.1650901296875 0.780439959375 0.1392111375 0.782541684375 0.140103515625 0.8862267062500001 0.1650901296875 0.88692728125
0 0.161074425 0.9023399187500001 0.18159914375 0.9023399187500001 0.181152953125 0.8904301531250001 0.193200071875 0.8911307265625 0.19275388124999998 0.8469945359375 0.19172060156249998 0.7736554499999999 0.1666870203125 0.7765314921875001 0.167321078125 0.8841249812499999 0.161074425 0.9023399187500001
0 0.19543101875 0.885268025 0.1985543453125 0.886669175 0.199446725 0.9048841109374999 0.21997144375 0.9034829625 0.2213100125 0.8460358546875 0.221028209375 0.77269676875 0.1953840515625 0.77269676875 0.19543101875 0.8460358546875 0.19543101875 0.885268025
0 0.2222023921875 0.90444164375 0.23737283593749997 0.9037410671874999 0.239603784375 0.8862267062500001 0.248527575 0.8883284296875 0.248527575 0.8448928125 0.248504090625 0.765986003125 0.22530223437500002 0.7688620453125 0.2235409609375 0.8476951093749999 0.2222023921875 0.90444164375
0 0.2498661421875 0.8845674499999999 0.256112796875 0.885268025 0.25566660625000004 0.9027823859374999 0.27752989375000003 0.9034829625 0.27440656875 0.8432335578125001 0.274758821875 0.7679033640624999 0.2521675421875 0.7679033640624999 0.2498661421875 0.8432335578125001 0.2498661421875 0.8845674499999999
0 0.30406642968750003 0.7688620453125 0.2772011234375 0.7698207265625 0.2757451375 0.848395684375 0.27931465312500003 0.90444164375 0.2953774765625 0.90444164375 0.2953774765625 0.8792209625 0.30608602500000004 0.8813226843749999 0.30073175 0.8427910890625 0.30406642968750003 0.7688620453125
0 0.30467700625 0.7707794078125 0.303855078125 0.8413899406249999 0.3043012671875 0.8841249812499999 0.30920935312500003 0.8820232593749999 0.310547921875 0.9023399187500001 0.33062645 0.9023399187500001 0.33062645 0.8680117703124999 0.32928788125 0.838587640625 0.3291000125 0.7698207265625 0.30467700625 0.7707794078125
0 0.332411209375 0.90163934375 0.3480278421875 0.90163934375 0.3493664109375 0.88552613125 0.3609673390625 0.8862267062500001 0.3602393453125 0.7707794078125 0.3315423125 0.77461413125 0.3315188296875 0.8448928125 0.332411209375 0.90163934375
0 0.40530448906250005 0.9007544078124999 0.40530448906250005 0.8426067265625001 0.40603248281250004 0.7707794078125 0.3785566 0.7679033640624999 0.3785566 0.9069120890625 0.40530448906250005 0.9007544078124999
0 0.40725363281250004 0.9002013218749999 0.43012671874999997 0.8974358984374999 0.43012671874999997 0.8785203859375 0.436561240625 0.876234303125 0.436561240625 0.843639153125 0.4420564171875 0.7688620453125 0.409695934375 0.764068640625 0.4078642078125 0.8369283859375001 0.40725363281250004 0.9002013218749999
0 0.43961411562499997 0.8819863859374999 0.4506514359375 0.8785203859375 0.45288238437499995 0.9023399187500001 0.47028377656250003 0.9023399187500001 0.47385329218749994 0.8764186625000001 0.4716223453125 0.838587640625 0.475027475 0.7707794078125 0.44449871874999997 0.7688620453125 0.43961411562499997 0.8417217906250001 0.43961411562499997 0.8819863859374999
0 0.47474567187499994 0.8701134937500001 0.473407103125 0.895334175 0.4859004109375 0.8981364718749999 0.48723897968749996 0.8743169406250001 0.49839371874999994 0.8750175140625001 0.49839371874999994 0.838587640625 0.5012822078125 0.7688620453125 0.4762486265625 0.7707794078125 0.4742994828125 0.8413899406249999 0.47474567187499994 0.8701134937500001
0 0.5028556125 0.8743169406250001 0.50954845625 0.8764186625000001 0.5126717828125 0.89323245 0.5273960390625 0.895334175 0.5296269859375 0.8750175140625001 0.5269498484375 0.83508476875 0.5327503124999999 0.789547428125 0.504640371875 0.7944514500000001 0.5010708546875 0.83648591875 0.5028556125 0.8743169406250001
0 0.530073175 0.8722152171875001 0.53141174375 0.896735321875 0.543012671875 0.8946336 0.5425664828125 0.8785203859375 0.5563983578125 0.8750175140625001 0.5568445468750001 0.8357853437499999 0.5604140640625 0.7972537484375 0.5345350703125 0.7951520249999999 0.530073175 0.83718649375 0.530073175 0.8722152171875001
0 0.5590754953125 0.873616365625 0.5653221484375 0.8750175140625001 0.5706764234375 0.8981364718749999 0.5862930562499999 0.8981364718749999 0.5822773515625 0.8329830453125 0.5862930562499999 0.7951520249999999 0.563537390625 0.7916491531250001 0.558183115625 0.83648591875 0.5590754953125 0.873616365625
0 0.6010173125 0.8939330249999999 0.6010173125 0.8771192390625 0.6224344109375 0.8771192390625 0.6233267890625 0.8540002812499999 0.6273424953125 0.8540002812499999 0.6255577359375 0.8063612171875001 0.6157415671875001 0.80425949375 0.6148491875000001 0.7930503 0.5912011421875001 0.7923497265624999 0.585400678125 0.8336836218749999 0.5876316265625 0.8918313031249999 0.6010173125 0.8939330249999999
0 0.4149562734375 0.6928681515624999 0.4151911109375 0.6116383859375001 0.37672487499999996 0.6087623421874999 0.37489315 0.7563991953125 0.413969959375 0.749688428125 0.4149562734375 0.6928681515624999
0 0.4267920390625 0.6039689375 0.4182439859375 0.6058863 0.417187221875 0.691467003125 0.4189719796875 0.7278968765625 0.44485097187499995 0.7271963 0.44128145625000004 0.690766428125 0.442620025 0.648731959375 0.4298449140625 0.6451922156250001 0.4267920390625 0.6039689375
0 0.443512403125 0.690766428125 0.4484204890625 0.7292980234375 0.47296091406249996 0.7299985999999999 0.4689452078125 0.6900658546875 0.47014287499999996 0.603010259375 0.44755159375 0.602051578125 0.443512403125 0.690766428125
0 0.4716223453125 0.691467003125 0.476084240625 0.7306991734375 0.4988399078125 0.72859745 0.49660895937499994 0.68726355625 0.49761875624999996 0.6078036625000001 0.47319575 0.599175534375 0.4716223453125 0.691467003125
0 0.4988399078125 0.6928681515624999 0.4997322859375 0.732100321875 0.4908084953125 0.732100321875 0.48946992656250005 0.7447106625 0.5291807953125 0.75241698125 0.52605746875 0.6900658546875 0.5226523390625 0.6039689375 0.5037245078125 0.6058863 0.4988399078125 0.6928681515624999
0 0.5250711546875 0.6857886625 0.5268559140625 0.7467386406250001 0.5527349078125 0.7502415140625 0.5496115796875001 0.6871898109375 0.5482964953125 0.5847953218749999 0.5244840640625 0.583836640625 0.5250711546875 0.6857886625
0 0.6019096921875 0.748914109375 0.59347905625 0.6106797046875 0.549517646875 0.6116383859375001 0.5531810968750001 0.751605790625 0.6019096921875 0.748914109375
0 0.7271950171875 0.8589780453125 0.7485651484375 0.8235068546875001 0.7021614359374999 0.764068640625 0.671022103125 0.7161346 0.6313347171875 0.7784488546875 0.671022103125 0.83213498125 0.7015508609375 0.8589780453125 0.7271950171875 0.8589780453125
0 0.744291121875 0.8139200453125 0.7595555015625 0.7928290671875 0.7214884890625 0.7356031953125 0.7031947171875 0.700574471875 0.6849009453125 0.7271963 0.7023023375 0.7573210031250001 0.744291121875 0.8139200453125
0 0.721934678125 0.72859745 0.75589205 0.7803662171875 0.7735987296875 0.753523153125 0.7406746375 0.699173321875 0.72282705625 0.6683480453125 0.7045332859375 0.6963710234375 0.721934678125 0.72859745
0 0.762984115625 0.7264957265625 0.7683383890625 0.7215917046875 0.7736926640624999 0.72859745 0.7879707296875 0.70337676875 0.761645546875 0.6732520671875 0.7429055859375 0.6368221953125001 0.72550419375 0.6634440234375 0.7429055859375 0.6935687265625 0.762984115625 0.7264957265625
0 0.73024789375 0.6106797046875 0.76058878125 0.66904861875 0.8059592140625 0.7333908546875 0.8224447421875001 0.6979196625 0.7974111609375 0.6691592375 0.77932874375 0.6396244921875 0.7461228484375 0.5876713640625 0.73024789375 0.6106797046875
0 0.7790469390625 0.633061215625 0.8120649656250001 0.6835394499999999 0.82366589375 0.6576550671875 0.7982330890625 0.6050382375 0.766271828125 0.55795225625 0.7497862984375 0.5876713640625 0.7790469390625 0.633061215625
0 0.780831696875 0.5723693421875 0.8013564171875001 0.6038951953125 0.8245582718750001 0.6550371312500001 0.8473139390625001 0.6137032375 0.817419240625 0.5744710656249999 0.787031384375 0.5282331515625 0.7711564296875 0.555076215625 0.780831696875 0.5723693421875
0 0.8187578078125 0.57096819375 0.8383901484375 0.601092896875 0.8437444218750001 0.5940871515625 0.8495448859374999 0.6059969187500001 0.865607709375 0.5800756609375 0.8374977687499999 0.5436457890625 0.8047380640625 0.49947272500000006 0.788252534375 0.5282331515625 0.8187578078125 0.57096819375
0 0.9024300890625 0.5656217046875 0.8374977687499999 0.4686843203125 0.8151882921875 0.508617065625 0.8780070828125 0.602051578125 0.9024300890625 0.5656217046875
0 0.97081450625 0.43715847031250005 0.979973134375 0.39401783125 0.9146415921875001 0.3134886390625 0.838319696875 0.44770395937499996 0.8642691421875 0.4890009796875 0.9012089390625 0.54548940625 0.97081450625 0.43715847031250005
0 0.6487595921875 0.6928681515624999 0.6764233453124999 0.6459296625000001 0.656344815625 0.6102003640625 0.6209549390625 0.5502828109375 0.58920503125 0.5857540015625 0.6075222859375 0.673952640625 0.624007815625 0.6576550671875 0.6487595921875 0.6928681515624999
0 0.6805564687500001 0.5954883 0.6417144953125 0.5196050234375 0.6221760890625 0.54548940625 0.6658322140624999 0.6228107046875 0.6805564687500001 0.5954883
0 0.6822238078125 0.58848255625 0.704979475 0.624912428125 0.725950384375 0.593386578125 0.7023023375 0.5611601515625 0.6527048484375 0.48029910937500003 0.63805104375 0.5042661296875 0.6822238078125 0.58848255625
0 0.69784044375 0.551352109375 0.7277351421875 0.58848255625 0.7509369984375 0.5604595781249999 0.720596109375 0.5247302781250001 0.6740749796875 0.4524973640625 0.6557577234374999 0.47742306562500003 0.69784044375 0.551352109375
0 0.717918971875 0.5156228109375001 0.7509369984375 0.55485498125 0.766999821875 0.528933725 0.7379975015625 0.492503853125 0.6936133843750001 0.420860896875 0.6752961281250001 0.4496213203125 0.717918971875 0.5156228109375001
0 0.741120828125 0.492503853125 0.7719079062499999 0.5268320015625 0.7884169203125 0.496006725 0.7558450828125001 0.4581757046875 0.7131517890625 0.3911417890625 0.6930028078125 0.417984853125 0.741120828125 0.492503853125
0 0.7308584687499999 0.35758795781249997 0.7125412140625 0.3844310234375 0.7247527171875 0.40839804375 0.757629840625 0.45677455624999996 0.7902016781250001 0.49110270468749995 0.8040335531249999 0.46588202343749996 0.779493128125 0.43505674687500007 0.7571836515625 0.40002802343750005 0.7467334234375 0.387307065625 0.7308584687499999 0.35758795781249997
0 0.743069971875 0.373885534375 0.745512271875 0.389224428125 0.7759236125 0.426649853125 0.8058183124999999 0.464480875 0.8254506515625 0.43225444843750005 0.797340709375 0.39232170312500003 0.7528391734375 0.3240341296875 0.7345219203125 0.354711915625 0.743069971875 0.373885534375
0 0.7750312328125 0.35589183125 0.8000178484375 0.38881883125 0.8285739781249999 0.433655596875 0.8464215609375 0.401429171875 0.81697305 0.37270561875 0.7742093046875 0.298149746875 0.7577237765625 0.326910171875 0.7750312328125 0.35589183125
0 0.82902016875 0.2816309375 0.8116187765625 0.25781140625 0.78261645625 0.302648171875 0.8183116187499999 0.367801596875 0.8459753703124999 0.40002802343750005 0.87542388125 0.35589183125 0.8490986968750001 0.3152585125 0.852222025 0.302648171875 0.833928253125 0.2753257671875 0.82902016875 0.2816309375
0 0.8676273046875 0.12175246875000001 0.84686775 0.18310804375 0.930516546875 0.24829834062499997 0.9454756375000001 0.1804901078125 0.9561841875000001 0.1300487453125 0.920042834375 0.10552863906250001 0.87068018125 0.06902502187500001 0.860910978125 0.11024829843749999 0.8676273046875 0.12175246875000001
0 0.92227378125 0.10648731874999999 0.956771278125 0.12366983125 0.96715105625 0.0881986390625 0.9329823312500001 0.06725515 0.8914397359375 0.038347234375 0.8822811093749999 0.0728597453125 0.92227378125 0.10648731874999999
0 0.8865551343750001 0 0.8755647812499999 0.034512509375 0.9340390953125001 0.063309809375 0.9714250828125 0.0853225953125 0.979362559375 0.051768767187499995 0.9416243171875 0.026179362499999997 0.9018195140625 0 0.8865551343750001 0