0 0.7806210421875 0.036828476562500004 0.7671504453125 0.023570225 0.7294327765624999 0.03633743125 0.8122769421875 0.14289449062499998 0.885691690625 0.1085212453125 0.851341671875 0.0761121859375 0.86144461875 0.06432707343750001 0.8183387109375 0.0191508078125 0.7806210421875 0.036828476562500004
0 0.7132680625 0.0633449796875 0.6950827562499999 0.07071067656249999 0.7213504187499999 0.1173600796875 0.764456328125 0.1625363453125 0.810256353125 0.1424034453125 0.7253915984375 0.0353553375 0.7024915843749999 0.0466494046875 0.7132680625 0.0633449796875
0 0.6539974390625 0.10311973593749998 0.682285690625 0.1424034453125 0.7038386453125 0.16597367031250002 0.7482916109375 0.14927809375 0.7213504187499999 0.118342171875 0.6964298171875 0.08347788125 0.6539974390625 0.10311973593749998
0 0.60213564375 0.12128844999999999 0.6290768359375 0.160572159375 0.65803861875 0.1861065703125 0.7004709953125 0.1679378546875 0.6789180421875 0.1453497234375 0.6472621421875 0.105083921875 0.60213564375 0.12128844999999999
0 0.599441525 0.1237436828125 0.554315028125 0.1414213515625 0.5826032796875 0.179231921875 0.6102180015625 0.20673051718750002 0.653323909375 0.1885618015625 0.624362128125 0.1586079734375 0.599441525 0.1237436828125
0 0.551620909375 0.1448586765625 0.5011061734375 0.16744680781250001 0.530741484375 0.20378423906249998 0.568459153125 0.24994259687499998 0.6183003593749999 0.2303007421875 0.57923563125 0.18021401406249998 0.551620909375 0.1448586765625
0 0.49908558437500006 0.1679378546875 0.45463261718750003 0.1870886625 0.48359439843749996 0.2248992328125 0.51188265 0.24945155 0.548253259375 0.2322649265625 0.52670030625 0.2032931921875 0.49908558437500006 0.1679378546875
0 0.46406203437500004 0.17972296875 0.4519384984375 0.160572159375 0.391320815625 0.1836513390625 0.4357737828125 0.24355899375 0.46338850468750004 0.2715486359375 0.504473821875 0.2553441078125 0.4539590875 0.1856155234375 0.46406203437500004 0.17972296875
0 0.40546494062500005 0.2072215640625 0.3967090546875 0.210167840625 0.38458551875 0.18954389375 0.3495619671875 0.20182005468750003 0.38930022656249996 0.2656560796875 0.41354729843750004 0.2897173515625 0.4539590875 0.2720396828125 0.43038554375000004 0.2420858546875 0.40546494062500005 0.2072215640625
0 0.94226819375 0.25190678125 0.9873946921875 0.2342291140625 0.973250565625 0.21606039843749997 1 0.19985586875 0.9927829312500001 0.1870886625 0.9995182281250001 0.178249828125 0.973250565625 0.1419123984375 0.9503505531249999 0.148787046875 0.9281240687500001 0.11686903281250001 0.8607710890625 0.1473139078125 0.94226819375 0.25190678125
0 0.9321652484375 0.2543620140625 0.92273583125 0.238157484375 0.9308181890625 0.23324702031250003 0.8991622874999999 0.199364821875 0.8722210968749999 0.16941099375 0.8304622484375 0.18954389375 0.8506681421875 0.21998876875 0.897815228125 0.267620265625 0.9321652484375 0.2543620140625
0 0.854035790625 0.2636918953125 0.8681799171875 0.280387471875 0.8917534593750001 0.2690934046875 0.8506681421875 0.2224440015625 0.8244004796875 0.1865976171875 0.7759063328125 0.20574842499999998 0.8021739968749999 0.24306794843750001 0.8291151875 0.270075496875 0.854035790625 0.2636918953125
0 0.8190122421874999 0.27596805468749996 0.82642106875 0.27253072968750003 0.798806346875 0.2455231796875 0.7705180953124999 0.2096767953125 0.7301063078125 0.226372371875 0.751659259375 0.259272478125 0.7994798765625 0.30935920625 0.833829896875 0.29511886249999997 0.8190122421874999 0.27596805468749996
0 0.7658033875 0.32016222656250004 0.795438696875 0.308868159375 0.7523327906249999 0.2656560796875 0.7226974796875 0.22735446406249998 0.6870004 0.2474873640625 0.7099004125 0.2843158421875 0.740209253125 0.31623385625 0.757721028125 0.309850253125 0.7658033875 0.32016222656250004
0 0.6614062671875 0.30346665 0.7038386453125 0.3501160546875 0.739535725 0.336857803125 0.7294327765624999 0.32065327187500003 0.739535725 0.3186890875 0.705859234375 0.285297934375 0.682959221875 0.244050040625 0.6465886109375 0.2636918953125 0.6344650749999999 0.26958445000000003 0.6614062671875 0.30346665
0 0.645241553125 0.3589548890625 0.662079796875 0.3491339625 0.670835684375 0.3623922125 0.703165115625 0.35158919375000003 0.6573650875 0.3083771140625 0.6297503671875 0.27056654375 0.6405268421875 0.2577993390625 0.633118015625 0.2474873640625 0.569132684375 0.27400386875 0.6108915328125 0.326545828125 0.645241553125 0.3589548890625
0 0.6102180015625 0.3299831546875 0.580582690625 0.2931546765625 0.5388238421875 0.308868159375 0.562397384375 0.3466787296875 0.6102180015625 0.3889087171875 0.6418739015625 0.377123603125 0.6257091875 0.36091907343749996 0.637832725 0.35600861093749997 0.6102180015625 0.3299831546875
0 0.574520921875 0.4031490609375 0.6088709421875 0.3908729015625 0.5610503265625 0.3496250078125 0.5334356046875001 0.3113233921875 0.49167675624999996 0.3290010609375 0.5159238296875001 0.3682847703125 0.54421208125 0.3962744109375 0.56172385625 0.3879266234375 0.574520921875 0.4031490609375
0 0.5765415125 0.4168983578125 0.5529679671875 0.39725650468749996 0.513903240625 0.37024895468749996 0.487635578125 0.3304742 0.443856140625 0.3491339625 0.4694502734375 0.38743557812499996 0.51188265 0.4360491671875 0.551620909375 0.42966556406249995 0.5765415125 0.4168983578125
0 0.487635578125 0.44537904843750004 0.5085150015625 0.433593934375 0.46608262343750007 0.3884176703125 0.43981496093750005 0.352080240625 0.3818913984375 0.37761465 0.4317326046875 0.44537904843750004 0.46675615312499996 0.43310288906250005 0.487635578125 0.44537904843750004
0 0.34619431875 0.4954657765625 0.4216296578125 0.4905553125 0.4270178953125 0.4743507828125 0.391994346875 0.46894927343750004 0.39603552343750004 0.4350670734375 0.36033844375 0.418371496875 0.301067821875 0.42131777656249997 0.301067821875 0.48564485 0.3347443125 0.48368066406250004 0.34619431875 0.4954657765625
0 0.34282667031249997 0.49644786874999997 0.327335484375 0.4895732203125 0.28490310625 0.491046359375 0.28827075468749996 0.547516690625 0.3078031203125 0.5480077359375 0.324641365625 0.541624134375 0.4391414328125 0.5372047171875 0.43846790156250004 0.5067598421875 0.42903848437500003 0.500376240625 0.42432377656250003 0.4920284515625 0.34282667031249997 0.49644786874999997
0 0.362359034375 0.54211518125 0.3138648890625 0.5430972734374999 0.31453841875 0.58925563125 0.3731355125 0.5917108640625 0.42095612656250003 0.5872914453125 0.42499730625 0.562739128125 0.44587672968750003 0.5602838953125 0.4445296703125 0.5367136718750001 0.362359034375 0.54211518125
0 0.42297671562500005 0.5902377234375 0.371114921875 0.593184003125 0.3125178296875 0.5922019093750001 0.3125178296875 0.6251020140625 0.37650316093749997 0.62804829375 0.44722378906250004 0.6221557375 0.4452032 0.5838541203125 0.4317326046875 0.576979471875 0.42499730625 0.57747051875 0.42297671562500005 0.5902377234375
0 0.315211946875 0.672242465625 0.37246198124999996 0.674697696875 0.423650246875 0.6663499093749999 0.4317326046875 0.6530916578125 0.4317326046875 0.6442528234375 0.44857085 0.6432707296875 0.44722378906250004 0.6260841078125 0.3664002125 0.6295214328125 0.310497240625 0.6260841078125 0.315211946875 0.672242465625
0 0.373809040625 0.674697696875 0.31723253749999997 0.6742066515625 0.31723253749999997 0.7090709421875 0.373809040625 0.71054408125 0.4512649671875 0.7031783859375 0.4505914390625 0.6707693265625 0.42903848437500003 0.6727335125 0.42499730625 0.66684095625 0.373809040625 0.674697696875
0 0.46675615312499996 0.7031783859375 0.3731355125 0.7129993140625001 0.31319135781249996 0.711526175 0.3165590078125 0.7483546515625 0.3825649296875 0.7522830218750001 0.427691425 0.7478636046875 0.4283649546875 0.7385337234375 0.43779437187500003 0.7331322140625 0.4404884921875 0.7247844265625 0.45665320625000005 0.7247844265625 0.45463261718750003 0.7164366375 0.470123803125 0.711526175 0.46675615312499996 0.7031783859375
0 0.37852375 0.7567024390625 0.318579596875 0.75277406875 0.32262077499999997 0.7959861484374999 0.37919727812500004 0.7964771953125 0.43038554375000004 0.78812940625 0.45800026718750003 0.7792905718750001 0.455979678125 0.73755163125 0.43038554375000004 0.74098895625 0.426344365625 0.74933674375 0.37852375 0.7567024390625
0 0.324641365625 0.7979503343750001 0.32598842499999997 0.83379671875 0.38458551875 0.8342877640624999 0.43375319375 0.832323578125 0.443856140625 0.8166100953125 0.460694384375 0.80678916875 0.45732673593750006 0.7846920828124999 0.385259046875 0.79844138125 0.324641365625 0.7979503343750001
0 0.3280090140625 0.83625195 0.32598842499999997 0.8706251953124999 0.35562373593749996 0.8691520546874999 0.4357737828125 0.8662057765625001 0.4654090953125 0.8622774062499999 0.46271497500000003 0.8308504390625 0.4404884921875 0.8303593921875001 0.3818913984375 0.83625195 0.3280090140625 0.83625195
0 0.3347443125 0.872098334375 0.3327237234375 0.9123641359375 0.3940149359375 0.9148193671874999 0.4404884921875 0.9079447187499999 0.44655025937500004 0.8873207703125001 0.4681032125 0.8829013531250001 0.46473556406250005 0.86571473125 0.423650246875 0.872098334375 0.3347443125 0.872098334375
0 0.385932578125 0.9177656453124999 0.3347443125 0.9143283203125 0.3327237234375 0.955576215625 0.385932578125 0.9575404000000001 0.4391414328125 0.9511567984375 0.46675615312499996 0.9433000546875 0.4654090953125 0.9143283203125 0.44183554999999997 0.91972983125 0.4404884921875 0.910890996875 0.385932578125 0.9177656453124999
0 0.3872796375 0.9595045859375 0.3058321484375 0.9456831734375 0.30672119375 0.9865180203125 0.392667875 0.9948599234375 0.4519384984375 0.99044050625 0.4532855578125 0.9673613281250001 0.47281792187500005 0.963924003125 0.46675615312499996 0.9482105203125 0.43375319375 0.955576215625 0.3872796375 0.9595045859375