0 0.150327728125 0.15585905 0.14819036875 0.16159299375 0.1360786546875 0.16159299375 0.13109147968749998 0.22623019218749998 0.14106583125 0.23769808124999997 0.171701340625 0.239783153125 0.181675690625 0.23613427812499999 0.1944998578125 0.23769808124999997 0.198062125 0.16472060156249999 0.18310059843749998 0.16419933281250002 0.1838130515625 0.1579441203125 0.150327728125 0.15585905
0 0.1987745796875 0.16419933281250002 0.19521231249999998 0.2413469546875 0.23510971718749998 0.24499582968750003 0.24223425625 0.20173060937499998 0.24152180156249997 0.16159299375 0.20376175624999998 0.1579441203125 0.1987745796875 0.16419933281250002
0 0.2871188375 0.1668056703125 0.27571957812500003 0.1688907421875 0.263607865625 0.1595079234375 0.2436591609375 0.1584653875 0.2457965234375 0.2006880734375 0.24009689375 0.24499582968750003 0.27714448593749996 0.2470809 0.28854374374999997 0.20277314375 0.2871188375 0.1668056703125
0 0.32630379062500003 0.169933278125 0.31775434687500004 0.163678065625 0.3013679109375 0.163678065625 0.2921060125 0.168369475 0.2906811046875 0.1986030015625 0.279281846875 0.2465596328125 0.3184668 0.25072977500000004 0.3298660578125 0.2038156796875 0.32630379062500003 0.169933278125
0 0.33485323437500003 0.20329441093749998 0.323453975 0.25229357812500003 0.361926475 0.25646372031250003 0.3754630953125 0.2100708921875 0.3711883734375 0.16784820625000002 0.333428328125 0.1668056703125 0.33485323437500003 0.20329441093749998
0 0.44955827968750006 0.2434320265625 0.505129665625 0.22779399531250002 0.4901681390625 0.19078398593749998 0.468082075 0.163156796875 0.4538330015625 0.1595079234375 0.4274722140625 0.16524186875 0.41892277031249997 0.1746246875 0.43459675156250005 0.20642201875000002 0.44955827968750006 0.2434320265625
0 0.49444286093749995 0.19078398593749998 0.5065545734375 0.22883653124999997 0.5471644343750001 0.2178899078125 0.5322029078125 0.1767097578125 0.5086919359375 0.144391159375 0.46665716718750005 0.152210175 0.49444286093749995 0.19078398593749998
0 0.5371900828125 0.1767097578125 0.552151609375 0.2168473734375 0.5891992015625 0.20433694687499998 0.57566258125 0.1668056703125 0.5485893421875 0.1313594671875 0.5058421203125001 0.1407422859375 0.5371900828125 0.1767097578125
0 0.5792248515625 0.16784820625000002 0.593473925 0.20433694687499998 0.6340837859375 0.19078398593749998 0.6162724421875 0.153773978125 0.590624109375 0.12249791562500001 0.5528640640625 0.1313594671875 0.5792248515625 0.16784820625000002
0 0.17668851562500001 0.4305671390625 0.180250784375 0.39459966562500004 0.18096323593750002 0.3497706421875 0.1189797671875 0.34560050000000003 0.11684240625 0.3925145953125 0.1111427765625 0.42848206875 0.17668851562500001 0.4305671390625
0 0.17740096875 0.430045871875 0.2151610140625 0.43213094218750003 0.22228555156250002 0.3940783984375 0.221573096875 0.350813178125 0.1838130515625 0.3497706421875 0.181675690625 0.39459966562500004 0.17740096875 0.430045871875
0 0.22086064374999997 0.35237698125 0.22371045937499998 0.39616346875 0.2180108296875 0.4310884078125 0.23225990312499997 0.43265220937500004 0.24080934843750001 0.42431192656250005 0.2643203203125 0.423790659375 0.2671701328125 0.39876980781250004 0.263607865625 0.35602585468750003 0.22086064374999997 0.35237698125
0 0.270732403125 0.4003336109375 0.2664576796875 0.43265220937500004 0.3049301796875 0.4368223515625 0.30564263281250004 0.401376146875 0.30920490156249997 0.3544620515625 0.2643203203125 0.353419515625 0.270732403125 0.4003336109375
0 0.350527215625 0.36228106718749997 0.3084924484375 0.357068390625 0.30920490156249997 0.401376146875 0.3063550859375 0.43734361875000005 0.31989170625 0.4389074234375 0.33271587343750003 0.4190992484375 0.34625249375 0.4368223515625 0.354089484375 0.4024186828125 0.350527215625 0.36228106718749997
0 0.3533770296875 0.40606755625 0.3498147625 0.4415137609375 0.38971216875 0.43421601406250004 0.39398689062500003 0.4024186828125 0.390424621875 0.36228106718749997 0.354089484375 0.3617598 0.3533770296875 0.40606755625
0 0.3911370765625 0.44047122656250004 0.4353092046875 0.44099249374999994 0.4395839265625 0.41023769843749996 0.4388714734375 0.3680150125 0.39398689062500003 0.3617598 0.3982616125 0.4055462890625 0.3911370765625 0.44047122656250004
0 0.44385864843749995 0.4091951625 0.441008834375 0.44724770625000004 0.4787688796875 0.4498540453125 0.4830436015625 0.41128023437500005 0.4823311484375 0.369578815625 0.44172128906249997 0.36436613906250004 0.44385864843749995 0.4091951625
0 0.6005984609375 0.42848206875 0.58278711875 0.3925145953125 0.5542889718749999 0.35237698125 0.50299230625 0.3669724765625 0.5272157296875 0.40815262656250006 0.5450270734375 0.44047122656250004 0.6005984609375 0.42848206875
0 0.5849244796875 0.38990825625 0.6027358234375 0.42326939062499996 0.63835850625 0.413886571875 0.6241094328125001 0.3805254375 0.5998860078125 0.3403878234375 0.5542889718749999 0.3513344453125 0.5849244796875 0.38990825625
0 0.6276716999999999 0.37844036718749996 0.642633228125 0.415450375 0.6818181812499999 0.4003336109375 0.6632943859375 0.36749374375 0.6397834140625 0.3294412 0.6005984609375 0.3383027515625 0.6276716999999999 0.37844036718749996
0 0.6689940156249999 0.3669724765625 0.6860929046875001 0.4024186828125 0.7231404953125 0.38730191875000003 0.70604160625 0.357068390625 0.6789683671875 0.31745204375 0.6397834140625 0.324749790625 0.6689940156249999 0.3669724765625
0 0.1474779140625 0.45558798906250003 0.1446280984375 0.44724770625000004 0.10758050781249999 0.4477689734375 0.10544314531250001 0.48321517812500003 0.0990310625 0.52335279375 0.15317754374999998 0.528565471875 0.1624394421875 0.49207673124999995 0.16386435 0.45454545468749996 0.1474779140625 0.45558798906250003
0 0.16742661718750002 0.4879065890625 0.1553149046875 0.528044203125 0.1994870328125 0.53325688125 0.208036478125 0.49103419531250003 0.2051866625 0.45454545468749996 0.168851525 0.45246038437499997 0.16742661718750002 0.4879065890625
0 0.21088629375 0.48894912343749997 0.20376175624999998 0.5327356140624999 0.2429467078125 0.5327356140624999 0.25007124531249997 0.49207673124999995 0.247933884375 0.456630525 0.205899115625 0.4529816515625 0.21088629375 0.48894912343749997
0 0.255058421875 0.49207673124999995 0.24722143124999998 0.5322143453125 0.286406384375 0.5389908250000001 0.294955828125 0.49207673124999995 0.294955828125 0.4561092578125 0.255770875 0.4529816515625 0.255058421875 0.49207673124999995
0 0.29709318906250004 0.49155546406250006 0.2892561984375 0.5374270234375 0.3305785125 0.5421184328125 0.338415503125 0.4957256046875 0.3369905953125 0.46340700625000003 0.29424337500000003 0.456630525 0.29709318906250004 0.49155546406250006
0 0.34126531875 0.4988532109375 0.33271587343750003 0.540554628125 0.37047591875 0.5421184328125 0.38045027187499997 0.49676814062499997 0.3761755484375 0.46236447031249994 0.3405528640625 0.45975813125 0.34126531875 0.4988532109375
0 0.3833000859375 0.49989574687499994 0.3761755484375 0.5436822343750001 0.4153605015625 0.544203503125 0.42177258437500004 0.5019808171875 0.41678540937499997 0.464449540625 0.37760045625 0.46027939843750004 0.3833000859375 0.49989574687499994
0 0.49307732499999996 0.5284785921874999 0.4898119125 0.49694189531250005 0.47021943593750004 0.49359709531249996 0.468913271875 0.46588302812500004 0.42058516093750004 0.4654051984375 0.42580982343749996 0.5036314984375 0.4199320796875 0.528956421875 0.41862591406250005 0.5466360859375 0.40817659375000004 0.5466360859375 0.40491117968749996 0.5762614671875 0.444749215625 0.57960626875 0.47675026249999997 0.5681383796875 0.4813218390625 0.5294342515625 0.49307732499999996 0.5284785921874999
0 0.6308777421875 0.5232224765625 0.614550678125 0.4830848625 0.5956112859375 0.4467698765625 0.5381400203125 0.45967125312499996 0.5590386625 0.499331040625 0.5753657249999999 0.5327790515624999 0.6308777421875 0.5232224765625
0 0.6191222578125 0.4821292046875 0.6341431546875 0.5222668203125 0.67202194375 0.509843271875 0.6570010453124999 0.47113914375 0.6347962375 0.43530198750000004 0.598223615625 0.44246941875 0.6191222578125 0.4821292046875
0 0.658307209375 0.4692278296875 0.6746342750000001 0.509843271875 0.71316614375 0.5012423546875 0.6994514109375001 0.46062691093749997 0.6713688609374999 0.42526758437499995 0.635449321875 0.4333906734375 0.658307209375 0.4692278296875
0 0.7033699062500001 0.458715596875 0.7170846390625 0.4988532109375 0.756922675 0.48786315 0.742554859375 0.450114678125 0.721003134375 0.415711009375 0.6785527703125 0.423834096875 0.7033699062500001 0.458715596875
0 0.0796760703125 0.64172400625 0.07510449375 0.6866399078125001 0.1828631140625 0.6933295109375 0.188087775 0.6498470953125 0.0796760703125 0.64172400625
0 0.18547544375 0.7253440359375001 0.1887408578125 0.6966743125 0.07445141093749999 0.6871177375 0.070532915625 0.71817660625 0.1371473359375 0.7243883796875 0.18547544375 0.7253440359375001
0 0.07445141093749999 0.75019113125 0.1338819234375 0.7564029046875 0.17698537187500002 0.7573585625 0.1848223625 0.7267775234375 0.1351880875 0.7258218656250001 0.0731452453125 0.718654434375 0.07445141093749999 0.75019113125
0 0.064655171875 0.78363914375 0.12735109687499999 0.78841743125 0.1730668765625 0.790328746875 0.1750261234375 0.7592698765625 0.129963428125 0.7592698765625 0.0724921625 0.7511467890625 0.064655171875 0.78363914375
0 0.0666144203125 0.8142201828125 0.1234326015625 0.8199541281249999 0.1698014625 0.8209097859375 0.1730668765625 0.792717890625 0.1266980140625 0.7912844031249999 0.06857366718749999 0.78125 0.0666144203125 0.8142201828125
0 0.054858934375 0.8452790515625 0.12147335468750001 0.8548356265624999 0.1678422140625 0.8562691140625001 0.1737199578125 0.8228211015625 0.12147335468750001 0.8223432718750001 0.062695925 0.8142201828125 0.054858934375 0.8452790515625
0 0.0594305125 0.8706039765625 0.1169017765625 0.8777714078125 0.161311390625 0.878249234375 0.16522988593750002 0.85865825625 0.1182079421875 0.8567469421875 0.0620428421875 0.8448012234375 0.0594305125 0.8706039765625
0 0.32654127499999996 0.6713493890625 0.327847440625 0.6617928125 0.22400731562499998 0.65128058125 0.2109456625 0.6804281343749999 0.2207419015625 0.684250765625 0.216170325 0.694762996875 0.270376175 0.6985856265625 0.31739811875 0.7000191140625 0.31935736718749996 0.6957186546874999 0.3415621734375 0.69762996875 0.34548066875 0.6756498468750001 0.32654127499999996 0.6713493890625
0 0.3402560078125 0.723432721875 0.34090909062499997 0.7019304281250001 0.2664576796875 0.7000191140625 0.2109456625 0.6966743125 0.20768025156249997 0.7272553515625 0.2644984328125 0.7320336390625 0.31935736718749996 0.7320336390625 0.3213166140625 0.7262996937499999 0.3402560078125 0.723432721875
0 0.262539184375 0.733467125 0.2063740859375 0.7258218656250001 0.205721003125 0.7430237 0.2129049109375 0.747324159375 0.2142110765625 0.7583142203125 0.2612330203125 0.7626146781250001 0.3330721 0.7673929671875 0.3382967609375 0.7339449546875 0.262539184375 0.733467125
0 0.31413270625 0.793673546875 0.3160919546875 0.7879396015625 0.3350313484375 0.7879396015625 0.3369905953125 0.7664373078125 0.2592737734375 0.76595948125 0.20114942500000002 0.7602255359375001 0.20049634374999997 0.7917622328125 0.24033437812499997 0.7974961781250001 0.24555903906249998 0.8146980125000001 0.3069487984375 0.8132645265624999 0.31674503593750003 0.800840978125 0.31413270625 0.793673546875
0 0.5629571578125 0.67039373125 0.51201671875 0.684250765625 0.5348746078125 0.7286888390625 0.551201671875 0.7630925078125 0.6067136875 0.7487576453125 0.5929989546875001 0.7133983171875 0.5629571578125 0.67039373125
0 0.59626436875 0.7133983171875 0.6086729359375 0.7444571875 0.6498171359375 0.735378440625 0.632836990625 0.699541284375 0.6067136875 0.6594036703125 0.5655694875 0.6699159031249999 0.59626436875 0.7133983171875
0 0.636102403125 0.7000191140625 0.6543887140625 0.733467125 0.6916144203125 0.7243883796875 0.673981190625 0.6909403671875001 0.645898640625 0.64745795 0.6099791015625 0.6584480125 0.636102403125 0.7000191140625
0 0.6759404390625 0.6885512234375 0.6955329156250001 0.7262996937499999 0.73145245625 0.7157874625 0.71316614375 0.677083334375 0.6857366765624999 0.6383792046875 0.6491640546874999 0.6488914375 0.6759404390625 0.6885512234375
0 0.715778475 0.6766055046874999 0.733411703125 0.716265290625 0.77259665625 0.7043195718749999 0.7543103453125 0.668482415625 0.730146290625 0.629300459375 0.6909613375 0.6388570328125 0.715778475 0.6766055046874999
0 0.7693312421875 0.6168769109375 0.7307993734375 0.6264334859375 0.7575757578125 0.6675267578125 0.7745559046875 0.7014526 0.7836990593750001 0.7000191140625 0.7876175546875 0.6885512234375 0.8059038671875 0.6794724765625 0.7928422140625 0.655581040625 0.7693312421875 0.6168769109375
0 0.8359456625 0.6436353218749999 0.8085161953125001 0.6049311921875 0.7699843265624999 0.6140099390625 0.796760709375 0.655581040625 0.8137408578124999 0.6885512234375 0.8248432609374999 0.6914181968750001 0.8444357359374999 0.6837729359375 0.8457419015625 0.6756498468750001 0.8503134796875 0.676127675 0.8359456625 0.6436353218749999