0 0.078199375 0.1992481203125 0.06323949375 0.183458646875 0.024479803124999998 0.186466165625 0.023119815625 0.2699248109375 0.061879504687499996 0.2699248109375 0.0625595 0.28120300781249996 0.13055895625 0.27894736875000004 0.1325989390625 0.2699248109375 0.14279885781249999 0.2669172921875 0.1373589 0.23609022500000001 0.124439003125 0.225563909375 0.11831905312499999 0.1977443609375 0.078199375 0.1992481203125
0 0.1659186734375 0.050375940625000004 0.1645586828125 0.101503759375 0.160478715625 0.1233082703125 0.143478853125 0.13007518906249999 0.14483884062500002 0.1827067671875 0.207398340625 0.187969925 0.21895824843749997 0.1563909765625 0.22847817187500002 0.1097744359375 0.22099823281250003 0.05488721875 0.1659186734375 0.050375940625000004
0 0.2583979328125 0.162406015625 0.259757921875 0.055639096875 0.2237182109375 0.05488721875 0.2325581390625 0.110526315625 0.22507819843750002 0.1593984953125 0.2583979328125 0.162406015625
0 0.2060383515625 0.2917293234375 0.22099823281250003 0.2872180453125 0.2271181828125 0.25112782031249997 0.21759825937500002 0.2 0.1645586828125 0.19699248125 0.160478715625 0.30827067656249996 0.1999184 0.3112781953125 0.2060383515625 0.2917293234375
0 0.24819801406250003 0.2 0.2223582203125 0.1992481203125 0.23119815 0.255639096875 0.22507819843750002 0.28796992499999996 0.2033183734375 0.30150375937499996 0.19923840625 0.3233082703125 0.24955800312499998 0.32406015 0.25499795937499997 0.25789473749999997 0.24819801406250003 0.2
0 0.68203454375 0.17593985 0.690194478125 0.16315789375 0.7010743921875 0.1646616546875 0.7099143203125 0.13082706718749998 0.7003943968749999 0.065413534375 0.6514347875000001 0.065413534375 0.6432748546875 0.173684209375 0.68203454375 0.17593985
0 0.7357541140625 0.1781954890625 0.7398340812499999 0.065413534375 0.70379436875 0.06616541249999999 0.7126342984375 0.126315790625 0.70379436875 0.1751879703125 0.7357541140625 0.1781954890625
0 0.70379436875 0.2458646609375 0.6813545484375 0.212030075 0.6493948046875 0.210526315625 0.6391948859375 0.32706766875 0.684754521875 0.3300751890625 0.6969944234375001 0.30902255625 0.70379436875 0.2458646609375
0 0.7003943968749999 0.2300751890625 0.7065143468749999 0.25864661718750004 0.7017543859375001 0.3067669171875 0.6888344890625 0.331578946875 0.7364341078125001 0.3300751890625 0.7377940984375 0.21503759374999998 0.705154359375 0.2142857140625 0.7003943968749999 0.2300751890625
0 0.8044335640625 0.131578946875 0.8003535968750001 0.10075187968749999 0.7942336453125 0.0699248109375 0.7486740109375 0.0691729328125 0.7466340265625 0.1804511265625 0.79763361875 0.1669172921875 0.8044335640625 0.131578946875
0 0.8357133140625 0.183458646875 0.8377532984375 0.071428571875 0.8003535968750001 0.0706766921875 0.8078335375 0.126315790625 0.8010335921875 0.17293233125000002 0.8357133140625 0.183458646875
0 0.7445940421875 0.3300751890625 0.7867537046875 0.328571428125 0.7969536234375 0.27293233125 0.7908336734375 0.22857142812500003 0.7439140484375 0.2225563921875 0.7445940421875 0.3300751890625
0 0.8302733578125 0.3323308265625 0.832313340625 0.22180451093750003 0.7928736578125 0.2203007515625 0.8017135859375 0.2691729328125 0.7867537046875 0.3323308265625 0.8302733578125 0.3323308265625
0 0.5881952953125 0.46466165468750004 0.5834353328125 0.5090225562499999 0.6228750171875 0.5112781953125001 0.6330749359375 0.46315789374999994 0.6303549578125 0.4052631578125 0.5875153 0.40225563906249995 0.5786753703125 0.43834586406250003 0.5881952953125 0.46466165468750004
0 0.6357949140625 0.46466165468750004 0.6255949953125 0.5097744359374999 0.658234734375 0.5097744359374999 0.6650346796875 0.460150375 0.65551475625 0.40225563906249995 0.6337549296875 0.401503759375 0.6357949140625 0.46466165468750004
0 0.6697946421875 0.4616541359375 0.662994696875 0.513533834375 0.6827145390625 0.5157894749999999 0.6942744453125 0.460150375 0.68203454375 0.40977443593749996 0.6595947234375 0.40375939843750003 0.6697946421875 0.4616541359375
0 0.6942744453125 0.4616541359375 0.6908744734375001 0.5127819546875 0.7167142656250001 0.5142857140625 0.722154221875 0.46090225625 0.7146742828125 0.40375939843750003 0.6874745 0.40451127812500004 0.6942744453125 0.4616541359375
0 0.7289541671875 0.46992481093749994 0.722154221875 0.5142857140625 0.7445940421875 0.5165413531249999 0.7534339734375 0.463909775 0.7466340265625 0.4127819546875 0.7167142656250001 0.407518796875 0.7289541671875 0.46992481093749994
0 0.7561539515625 0.46992481093749994 0.7493540046875 0.5180451125000001 0.7751937984375 0.5157894749999999 0.7853937171875 0.465413534375 0.77587379375 0.407518796875 0.7507139953124999 0.40902255624999995 0.7561539515625 0.46992481093749994
0 0.7881136953125 0.47142857187500004 0.7765537874999999 0.5203007515625 0.8044335640625 0.5218045109375 0.81327349375 0.465413534375 0.8023935812499999 0.41654135312499996 0.7806337546875 0.413533834375 0.7881136953125 0.47142857187500004
0 0.8159934718749999 0.47293233125 0.8091935265625001 0.5240601500000001 0.8397932812500001 0.5240601500000001 0.847273221875 0.468421053125 0.83367333125 0.410526315625 0.8037535703125 0.412030075 0.8159934718749999 0.47293233125
0 0.8506731953125 0.4706766921875 0.8418332656249999 0.5248120296875001 0.8635930921874999 0.5278195484375 0.8778729765625 0.46917293281249994 0.8635930921874999 0.4195488734375 0.8404732765625 0.41578947499999996 0.8506731953125 0.4706766921875
0 0.88195294375 0.4721804515625 0.8724330203124999 0.525563909375 0.8982728140624999 0.52706766875 0.9077927375 0.474436090625 0.898952809375 0.40977443593749996 0.8669930640624999 0.40977443593749996 0.88195294375 0.4721804515625
0 0.9125526984375 0.47744360781250006 0.9057527546875 0.5218045109375 0.9322725406249999 0.5233082703124999 0.9349925203125 0.468421053125 0.926152590625 0.41578947499999996 0.8996328015625 0.4127819546875 0.9125526984375 0.47744360781250006
0 0.2359581125 0.4751879703125 0.24751801874999999 0.47593984999999994 0.24615803125000002 0.42481202968750004 0.16795865625 0.42481202968750004 0.1618387046875 0.4939849625 0.2339181296875 0.49473684218749997 0.2359581125 0.4751879703125
0 0.1638786890625 0.49849624062500003 0.16319869375 0.5503759406250001 0.24955800312499998 0.5488721796875 0.24819801406250003 0.49624060156249994 0.1638786890625 0.49849624062500003
0 0.244118046875 0.6278195484375 0.244118046875 0.610526315625 0.25227798125 0.6052631578125001 0.2556779546875 0.5533834578125 0.20535835625 0.5518796984375001 0.1958384328125 0.56090225625 0.1686386515625 0.5593984953125 0.1665986671875 0.628571428125 0.244118046875 0.6278195484375
0 0.2509179921875 0.686466165625 0.25227798125 0.6300751890625 0.1659186734375 0.6323308265625001 0.1672786609375 0.6887218046875 0.2509179921875 0.686466165625
0 0.25635795 0.7353383453125 0.25703794375 0.6887218046875 0.16931864531250002 0.6939849625 0.16931864531250002 0.7616541359375 0.24479804062500002 0.7616541359375 0.24819801406250003 0.739849625 0.25635795 0.7353383453125
0 0.14483884062500002 0.75488721875 0.144158846875 0.82406015 0.2733578125 0.82105263125 0.27267781874999997 0.7586466171875 0.14483884062500002 0.75488721875
0 0.25703794375 0.8932330828125 0.26111791093750003 0.82706766875 0.17543859687500002 0.82406015 0.1740786078125 0.89097744375 0.25703794375 0.8932330828125
0 0.146878825 0.889473684375 0.150278796875 0.9586466171874999 0.26111791093750003 0.952631578125 0.2577179375 0.8977443609375 0.146878825 0.889473684375
0 0.3325173390625 0.898496240625 0.333197334375 0.944360903125 0.4127566984375 0.94511278125 0.4161566703125 0.8744360906249999 0.33863729062500003 0.8789473687499999 0.33999727968750004 0.8917293234375 0.3325173390625 0.898496240625
0 0.34339725312499997 0.8812030078124999 0.41411668749999997 0.8774436078125 0.41139670937500006 0.8203007515625 0.3325173390625 0.8195488734374999 0.3318373453125 0.8669172921875001 0.3447572421875 0.8691729328125 0.34339725312499997 0.8812030078124999
0 0.3318373453125 0.8097744359375 0.4188766484375 0.8075187968750001 0.41819665468749995 0.739849625 0.33999727968750004 0.7421052625 0.340677275 0.762406015625 0.3297973625 0.7593984953125 0.3318373453125 0.8097744359375
0 0.3365973078125 0.744360903125 0.416836665625 0.739849625 0.41411668749999997 0.6857142859375001 0.33047735624999997 0.6857142859375001 0.3297973625 0.736090225 0.3365973078125 0.7383458640625 0.3365973078125 0.744360903125
0 0.3236774109375 0.6766917296875 0.40527675781249994 0.6781954890625 0.4086767296875 0.6112781953125 0.3352373171875 0.6127819546875 0.3352373171875 0.6300751890625 0.3250374 0.6308270671875 0.3236774109375 0.6766917296875
0 0.3359173125 0.6172932328125 0.4059567515625 0.613533834375 0.4032367734375 0.5511278203125001 0.32435740625 0.55488721875 0.32571739375000003 0.6060150375 0.3352373171875 0.6030075187499999 0.3359173125 0.6172932328125
0 0.317557459375 0.5488721796875 0.40255677968750003 0.5481203015625 0.39915680625 0.4751879703125 0.3297973625 0.474436090625 0.3263973890625 0.4939849625 0.31823745312499996 0.4977443609375 0.317557459375 0.5488721796875
0 0.31483748125 0.4187969921875 0.316877465625 0.473684209375 0.40119679062499997 0.474436090625 0.3971168234375 0.4142857140625 0.374677003125 0.413533834375 0.3733170125 0.38421052499999997 0.3359173125 0.3872180453125 0.3365973078125 0.4172932328125 0.31483748125 0.4187969921875
0 0.40255677968750003 0.41804511250000004 0.406636746875 0.4857142859375 0.4787161703125 0.486466165625 0.480076159375 0.460150375 0.48755610000000005 0.4541353390625 0.48211614375 0.41503759375 0.40255677968750003 0.41804511250000004
0 0.40799673593749997 0.4857142859375 0.406636746875 0.5421052625 0.49027607812499996 0.5353383453125 0.4895960828125 0.49022556406250006 0.4787161703125 0.49022556406250006 0.4759961921875 0.4857142859375 0.40799673593749997 0.4857142859375
0 0.4032367734375 0.552631578125 0.40731674218749997 0.62105263125 0.48143614843750004 0.6180451125 0.480076159375 0.6022556390625 0.49299605625 0.5977443609375 0.4895960828125 0.547368421875 0.4032367734375 0.552631578125
0 0.41411668749999997 0.62406015 0.415476675 0.674436090625 0.49367605000000003 0.6766917296875 0.49231606250000004 0.6233082703124999 0.41411668749999997 0.62406015
0 0.41819665468749995 0.6872180453125 0.4188766484375 0.7563909765625 0.484836121875 0.7511278203125 0.48619610937499996 0.7353383453125 0.5025159796875001 0.725563909375 0.4984360125 0.6857142859375001 0.41819665468749995 0.6872180453125
0 0.4147966828125 0.7578947375 0.41819665468749995 0.813533834375 0.49707602343749996 0.8052631578125 0.49435604531250005 0.750375940625 0.4147966828125 0.7578947375
0 0.416836665625 0.8233082703125 0.41819665468749995 0.889473684375 0.4868761046875 0.8857142859374999 0.4889160890625 0.8736842093750001 0.5079559359375 0.8616541359375001 0.505235959375 0.8142857140625 0.416836665625 0.8233082703125
0 0.4188766484375 0.8939849625 0.4188766484375 0.947368421875 0.5018359859375 0.9428571421875 0.5018359859375 0.8887218046875001 0.4188766484375 0.8939849625
0 0.632394940625 0.534586465625 0.59363525 0.5375939843750001 0.5807153546875 0.649624059375 0.6262749890625 0.6518796984375 0.6317149453125 0.5812030078125 0.632394940625 0.534586465625
0 0.6357949140625 0.583458646875 0.6289949671875 0.649624059375 0.6561947499999999 0.649624059375 0.6704746359375 0.5857142859375 0.6697946421875 0.5338345875 0.6357949140625 0.5375939843750001 0.6357949140625 0.583458646875
0 0.6765945875 0.5857142859375 0.6595947234375 0.6518796984375 0.684754521875 0.655639096875 0.6997144015625001 0.583458646875 0.6969944234375001 0.5315789468750001 0.6725146203125 0.5308270671875001 0.6765945875 0.5857142859375
0 0.70379436875 0.5887218046875 0.6915544671875 0.6526315781250001 0.715354278125 0.6541353390625 0.7255541953125 0.587969925 0.71807425625 0.5300751890625001 0.7010743921875 0.52706766875 0.70379436875 0.5887218046875
0 0.7296341625 0.59097744375 0.71875425 0.65488721875 0.7452740375 0.6586466171875001 0.7568339453124999 0.5804511265625 0.7445940421875 0.528571428125 0.7228342171875 0.52706766875 0.7296341625 0.59097744375
0 0.76023391875 0.5849624062500001 0.7473140218750001 0.6593984953125 0.773833809375 0.660150375 0.788793690625 0.584210525 0.773153815625 0.5308270671875001 0.7466340265625 0.5308270671875001 0.76023391875 0.5849624062500001
0 0.7908336734375 0.59097744375 0.779273765625 0.6578947375 0.8003535968750001 0.66090225625 0.8166734671875 0.59097744375 0.8010335921875 0.5330827078125 0.778593771875 0.5323308265625 0.7908336734375 0.59097744375
0 0.822113421875 0.5939849625 0.8037535703125 0.6593984953125 0.8282333749999999 0.6593984953125 0.8493132046874999 0.59097744375 0.82891336875 0.5308270671875001 0.8078335375 0.5308270671875001 0.822113421875 0.5939849625
0 0.852713178125 0.5902255640625 0.8295933625 0.6578947375 0.8554331562499999 0.66090225625 0.8758329937499999 0.5902255640625 0.8567931453125001 0.534586465625 0.834353325 0.534586465625 0.852713178125 0.5902255640625
0 0.9254725953125 0.547368421875 0.8663130703125 0.5421052625 0.8805929546875 0.5939849625 0.8608731125 0.6616541359375 0.9234326125000001 0.6669172921875 0.9275125796875001 0.6233082703124999 0.9077927375 0.6233082703124999 0.909152728125 0.595488721875 0.9254725953125 0.5962406015624999 0.9254725953125 0.547368421875