0 0.459259259375 0.11862745156250001 0.4749455328125 0.1107843140625 0.4775599125 0.0823529421875 0.4662309359375 0.054901959374999997 0.46013071875 0.0284313734375 0.38257080625 0.0333333328125 0.3790849671875 0.11862745156250001 0.459259259375 0.11862745156250001
0 0.40348583906249996 0.24509804062499999 0.32592592656249997 0.2627450984375 0.3067538140625 0.3107843140625 0.3067538140625 0.3578431359375 0.40958605625000005 0.3421568640625 0.40348583906249996 0.24509804062499999
0 0.33202614375 0.4323529421875 0.358169934375 0.4509803921875 0.42527233124999997 0.43529411875 0.4148148140625 0.348039215625 0.3433551203125 0.354901959375 0.32766884531249996 0.38725490156250003 0.33202614375 0.4323529421875
0 0.3337690640625 0.51470588125 0.3494553375 0.513725490625 0.354684096875 0.5323529421875 0.3799564265625 0.5431372546875 0.4383442265625 0.5333333328125 0.42701525 0.44117647031249996 0.3285403046875 0.45392156874999995 0.3337690640625 0.51470588125
0 0.408714596875 0.3078431359375 0.48191721249999997 0.2931372546875 0.4775599125 0.2813725484375 0.49063180937500006 0.27941176562500003 0.4801742921875 0.22352941093749998 0.47320261406249997 0.2176470578125 0.4714596953125 0.20686274531249998 0.39564270156250003 0.220588234375 0.408714596875 0.3078431359375
0 0.492374728125 0.31470588125 0.48540305000000006 0.3 0.4113289765625 0.313725490625 0.424400871875 0.40294117656250006 0.527233115625 0.3931372546875 0.5071895421875 0.3176470578125 0.492374728125 0.31470588125
0 0.54553376875 0.46764705781250004 0.5289760359375 0.42549019687499995 0.5124183 0.42647058906249996 0.500217865625 0.395098040625 0.42701525 0.40196078437500005 0.44183006562499993 0.4931372546875 0.5342047921875 0.48921568593750003 0.54553376875 0.46764705781250004
0 0.500217865625 0.5803921562500001 0.501960784375 0.5872549015625 0.5516339859375 0.5784313734375 0.5429193890625 0.51470588125 0.528104575 0.515686275 0.519389978125 0.4921568640625 0.43660130625000004 0.49705882343749996 0.449673203125 0.58823529375 0.500217865625 0.5803921562500001
0 0.5498910687499999 0.6725490203125 0.54553376875 0.6323529421874999 0.5655773421875 0.6235294109375 0.5559912859375 0.5803921562500001 0.5315904140625001 0.5833333328125 0.4976034859375 0.5823529421875 0.449673203125 0.5931372546875 0.4697167765625 0.68529411875 0.5498910687499999 0.6725490203125
0 0.14553376875 0.48921568593750003 0.158605665625 0.5068627453125 0.15337690625 0.5225490203125001 0.18997821406249998 0.5490196078125 0.2257080609375 0.498039215625 0.255337690625 0.4509803921875 0.18213507499999998 0.4 0.13769063125 0.47058823437499997 0.14553376875 0.48921568593750003
0 0.18997821406249998 0.554901959375 0.2335511984375 0.58529411875 0.237908496875 0.5764705890624999 0.2579520703125 0.5833333328125 0.2640522875 0.579411765625 0.27712418437499997 0.5892156859375001 0.32505446718750003 0.5117647062499999 0.25446623125 0.4568627453125 0.18997821406249998 0.554901959375
0 0.32592592656249997 0.5166666671875 0.2779956421875 0.598039215625 0.298039215625 0.6156862750000001 0.2919389984375 0.6343137249999999 0.3346405234375 0.654901959375 0.3930283234375 0.5666666671875 0.38169934687499996 0.5509803921875001 0.32592592656249997 0.5166666671875
0 0.44270152500000004 0.6529411765625001 0.4575163390625 0.6235294109375 0.4374727671875 0.59607843125 0.40348583906249996 0.56176470625 0.3799564265625 0.5764705890624999 0.3294117640625 0.659803921875 0.41742919375 0.7166666671875 0.4435729859375 0.6735294109375001 0.44270152500000004 0.6529411765625001
0 0.056644879687500004 0.495098040625 0.027886709375000002 0.544117646875 0.03660130625 0.56176470625 0.0148148140625 0.5990196078125 0.0836601296875 0.6588235296875 0.1220043578125 0.6009803921875 0.1298474953125 0.5735294109375 0.10631808281249999 0.55392156875 0.119389978125 0.53529411875 0.056644879687500004 0.495098040625
0 0.19694989062499998 0.5970588234374999 0.1420479296875 0.5490196078125 0.12461873593749999 0.565686275 0.1167755984375 0.5931372546875 0.11328975937500001 0.61470588125 0.0888888890625 0.6578431359375 0.15250544531250002 0.7078431359375 0.2013071890625 0.6323529421874999 0.19694989062499998 0.5970588234374999
0 0.21176470468750003 0.6058823531249999 0.159477125 0.7107843140625 0.2257080609375 0.76960784375 0.28845315781249997 0.6588235296875 0.21176470468750003 0.6058823531249999
0 0.2204793015625 0.770588234375 0.29281045781250004 0.8274509796875 0.29542483750000004 0.8215686265625 0.350326796875 0.75 0.3529411765625 0.713725490625 0.28932461875 0.66470588125 0.2204793015625 0.770588234375
0 0.3712418296875 0.8715686265624999 0.42788670937499995 0.7892156859375 0.4217864921875 0.7529411765625 0.36339869375 0.724509803125 0.3015250546875 0.8225490203125 0.3712418296875 0.8715686265624999
0 0.4148148140625 0.8058823531250001 0.373856209375 0.874509803125 0.44270152500000004 0.929411765625 0.486274509375 0.8529411765624999 0.4749455328125 0.8254901968749999 0.43311546874999995 0.7970588234375 0.4148148140625 0.8058823531250001
0 0.57690631875 0.8421568640625001 0.49063180937500006 0.859803921875 0.5054466234375 0.951960784375 0.5394335515625001 0.95 0.5420479296875 0.970588234375 0.612636165625 0.95392156875 0.5995642703125 0.8568627453125 0.57690631875 0.8421568640625001
0 0.5708061 0.8441176468749999 0.590849671875 0.834313725 0.5856209156250001 0.7784313734375 0.5673202609375 0.7627450984374999 0.555119825 0.7539215687499999 0.4775599125 0.7666666671875 0.48801742968750006 0.855882353125 0.5708061 0.8441176468749999
0 0.7442265796875 0.9127450984375001 0.7389978203124999 0.8274509796875 0.7023965140625 0.8313725484375001 0.704139434375 0.8225490203125 0.6318082781250001 0.824509803125 0.6431372546875 0.9215686265624999 0.682352940625 0.9529411765625 0.732897603125 0.9460784312499999 0.7442265796875 0.9127450984375001
0 0.7198257078125 0.73039215625 0.6422657953125 0.7421568640625 0.6239651421875 0.76960784375 0.6291939 0.8284313734375001 0.7355119828125 0.8176470578125 0.7198257078125 0.73039215625
0 0.6527233109374999 0.7372549015625001 0.7206971671875 0.7235294109375 0.705882353125 0.6333333328124999 0.6265795203125 0.6431372546875 0.6196078421875 0.6745098031250001 0.62745098125 0.7225490203125 0.6527233109374999 0.7372549015625001
0 0.59607843125 0.598039215625 0.6065359484374999 0.6607843140624999 0.6257080609375001 0.659803921875 0.6570806109375 0.63823529375 0.705882353125 0.6284313734375 0.6910675375 0.53529411875 0.612636165625 0.55 0.6013071890624999 0.5764705890624999 0.59607843125 0.598039215625
0 0.6013071890624999 0.5127450984374999 0.6091503281249999 0.5509803921875001 0.70065359375 0.5392156859375 0.6788671015625 0.4186274515625 0.6065359484374999 0.429411765625 0.57254901875 0.479411765625 0.5760348578125 0.5127450984374999 0.6013071890624999 0.5127450984374999
0 0.7965141609375 0.6323529421874999 0.7773420468750001 0.5215686265625 0.6919389984375 0.536274509375 0.7015250546875 0.595098040625 0.6936819171875 0.6333333328124999 0.71285403125 0.6392156859375 0.71285403125 0.6441176468750001 0.7398692812500001 0.6392156859375 0.7424836609375001 0.645098040625 0.7965141609375 0.6323529421874999
0 0.8122004359374999 0.7068627453125 0.7782135078125 0.6784313734375 0.732897603125 0.6872549015625 0.7189542484375 0.7215686265625 0.732897603125 0.795098040625 0.8104575171875 0.784313725 0.8235294124999999 0.7568627453125 0.8122004359374999 0.7068627453125
0 0.7982570796874999 0.66176470625 0.7947712421875 0.690196078125 0.81394335625 0.720588234375 0.8217864921875 0.779411765625 0.895860565625 0.7666666671875 0.8819172125 0.66470588125 0.8418300656250001 0.651960784375 0.7982570796874999 0.66176470625
0 0.8906318093750001 0.6774509796875 0.901960784375 0.76960784375 0.9803921578124999 0.7588235296875 0.9664488015625 0.65392156875 0.935076253125 0.6441176468750001 0.9045751624999999 0.65 0.8906318093750001 0.6774509796875
0 0.8732026140625001 0.5990196078125 0.8610021796874999 0.505882353125 0.7764705875 0.5245098031250001 0.7912854031250001 0.6029411765625 0.8104575171875 0.61470588125 0.8732026140625001 0.5990196078125
0 0.8976034859375 0.6 0.9394335515625001 0.5911764703125 0.954248365625 0.5686274515624999 0.9437908500000001 0.49411764687500004 0.8662309359375 0.505882353125 0.876688453125 0.5784313734375 0.8976034859375 0.6
0 0.680610021875 0.41960784375 0.69716775625 0.53529411875 0.7773420468750001 0.51960784375 0.759912853125 0.41078431406249993 0.680610021875 0.41960784375
0 0.766013071875 0.40980392187500003 0.7808278875 0.51960784375 0.8644880171875 0.5009803921875 0.8453159031249999 0.4 0.766013071875 0.40980392187500003
0 0.8522875828125 0.4166666671875 0.8679738562500001 0.5068627453125 0.9490196078125 0.4921568640625 0.9307189546875 0.384313725 0.886274509375 0.38823529375 0.8784313718750001 0.40980392187500003 0.8522875828125 0.4166666671875
0 0.8061002171875 0.3323529421875 0.8435729859375 0.36176470625 0.9037037031249999 0.35 0.91851851875 0.324509803125 0.9385620921875001 0.3215686265625 0.9289760359375 0.2607843140625 0.9037037031249999 0.265686275 0.89498910625 0.2284313734375 0.8470588234375 0.24019607812500002 0.8374727671875 0.225490196875 0.7982570796874999 0.2392156859375 0.8061002171875 0.3323529421875
0 0.7302832234375 0.1264705890625 0.75904139375 0.124509803125 0.7529411765625 0.06274509843750001 0.6318082781250001 0.0784313734375 0.65010893125 0.1725490203125 0.723311546875 0.16176470625 0.7302832234375 0.1264705890625
0 0.550762528125 0.10980392187500002 0.544662309375 0.11176470624999998 0.5385620921875 0.13039215625 0.5289760359375 0.1372549015625 0.535076253125 0.18823529375 0.6422657953125 0.1725490203125 0.6248366015625 0.0784313734375 0.560348584375 0.090196078125 0.550762528125 0.10980392187500002
0 0.7389978203124999 0.18039215625 0.7163398703125 0.17058823437499998 0.649237471875 0.174509803125 0.653594771875 0.27941176562500003 0.7712418296875 0.2578431359375 0.7616557734375 0.2 0.7459695 0.1931372546875 0.7389978203124999 0.18039215625
0 0.6553376906249999 0.28039215624999997 0.6710239640625 0.363725490625 0.75555555625 0.345098040625 0.7782135078125 0.3186274515625 0.7651416125 0.274509803125 0.7346405234375 0.263725490625 0.6553376906249999 0.28039215624999997
0 0.6553376906249999 0.2725490203125 0.5830065359375001 0.2892156859375 0.5708061 0.3176470578125 0.5481481484375 0.325490196875 0.5612200421875 0.375490196875 0.6013071890624999 0.40098039218750003 0.6701525046875 0.38333333281250004 0.6553376906249999 0.2725490203125
0 0.6553376906249999 0.2784313734375 0.645751634375 0.175490196875 0.5368191718750001 0.194117646875 0.5481481484375 0.2970588234375 0.6553376906249999 0.2784313734375