0 0.1321626625 0.20923076875 0.043438078125 0.2076923078125 0.045286506250000004 0.44461538437500003 0.14972273593750002 0.44923076875 0.15341959375 0.344615384375 0.1321626625 0.20923076875
0 0.15341959375 0.44923076875 0.1857670984375 0.4523076921875 0.1950092421875 0.3415384609375 0.17375231093750002 0.2384615390625 0.1395563765625 0.2430769234375 0.15804066562500002 0.3384615390625 0.15341959375 0.44923076875
0 0.19778188593749998 0.33076923125 0.1903881703125 0.4476923078125 0.2338262484375 0.44923076875 0.242144178125 0.3415384609375 0.2218114609375 0.21076923125000002 0.17375231093750002 0.213846153125 0.19778188593749998 0.33076923125
0 0.248613678125 0.3369230765625 0.236598890625 0.455384615625 0.2809611828125 0.455384615625 0.281885396875 0.3323076921875 0.26987060937499996 0.20923076875 0.2255083171875 0.20923076875 0.248613678125 0.3369230765625
0 0.588724584375 0.206153846875 0.5914972281249999 0.44461538437500003 0.6497227359375 0.44000000000000006 0.6469500921875 0.206153846875 0.588724584375 0.206153846875
0 0.5443622921875 0.413846153125 0.5905730124999999 0.4184615390625 0.5878003703125 0.224615384375 0.5443622921875 0.2276923078125 0.5443622921875 0.413846153125
0 0.49537892812499995 0.4430769234375 0.54805915 0.44461538437500003 0.5462107203125 0.2030769234375 0.492606284375 0.204615384375 0.49537892812499995 0.4430769234375
0 0.45101663593749997 0.44923076875 0.49445471406249997 0.45384615312500004 0.492606284375 0.213846153125 0.45101663593749997 0.2169230765625 0.45101663593749997 0.44923076875
0 0.40665434375 0.44923076875 0.45101663593749997 0.45076923124999996 0.44916820625 0.2169230765625 0.40018484218749995 0.2076923078125 0.40665434375 0.44923076875
0 0.353974121875 0.4476923078125 0.402033271875 0.44923076875 0.3964879859375 0.213846153125 0.3558225515625 0.206153846875 0.353974121875 0.4476923078125
0 0.353974121875 0.20923076875 0.3151571171875 0.206153846875 0.3216266171875 0.335384615625 0.323475046875 0.44923076875 0.35489833593750003 0.455384615625 0.353974121875 0.20923076875
0 0.2744916828125 0.21076923125000002 0.28650646874999997 0.333846153125 0.28280961250000003 0.45384615312500004 0.3188539734375 0.4523076921875 0.31700554531249997 0.3369230765625 0.3096118296875 0.21076923125000002 0.2744916828125 0.21076923125000002
0 0.079482440625 0.8061538468749999 0.1321626625 0.8076923078125 0.1386321625 0.693846153125 0.1330868765625 0.5646153843749999 0.0776340109375 0.566153846875 0.07116451093750001 0.686153846875 0.079482440625 0.8061538468749999
0 0.13585951875 0.8061538468749999 0.179297596875 0.813846153125 0.188539740625 0.6769230765625001 0.179297596875 0.524615384375 0.12939001875 0.524615384375 0.14325323437499998 0.6799999999999999 0.13585951875 0.8061538468749999
0 0.182070240625 0.8123076921875001 0.236598890625 0.815384615625 0.23844732031250002 0.684615384375 0.23105360468749997 0.52 0.1829944546875 0.5184615390625 0.19316081406250002 0.67076923125 0.182070240625 0.8123076921875001
0 0.24399260625000002 0.666153846875 0.2412199625 0.8184615390625 0.28280961250000003 0.815384615625 0.28650646874999997 0.6599999999999999 0.272643253125 0.5123076921874999 0.2338262484375 0.5123076921874999 0.24399260625000002 0.666153846875
0 0.2929759703125 0.67076923125 0.29020332656250003 0.8184615390625 0.329944546875 0.8123076921875001 0.332717190625 0.666153846875 0.317929759375 0.5123076921874999 0.2763401109375 0.513846153125 0.2929759703125 0.67076923125
0 0.3382624765625 0.6830769234375 0.3336414046875 0.8076923078125 0.37338262499999997 0.804615384375 0.3789279109375 0.6676923078125 0.3604436234375 0.504615384375 0.3151571171875 0.50923076875 0.3382624765625 0.6830769234375
0 0.421441775 0.8107692312499999 0.41589648749999997 0.5107692312500001 0.3669131234375 0.5076923078125 0.3835489828125 0.66923076875 0.37707948281250003 0.804615384375 0.421441775 0.8107692312499999
0 0.421441775 0.504615384375 0.42698706093750005 0.8061538468749999 0.4704251390625 0.8030769234375 0.46210720937499994 0.506153846875 0.421441775 0.504615384375
0 0.474121996875 0.69076923125 0.47504621093750005 0.804615384375 0.5129390015624999 0.804615384375 0.5184842890625 0.693846153125 0.507393715625 0.49846153906249996 0.4658040671875 0.5030769234375 0.474121996875 0.69076923125
0 0.549907578125 0.5015384609375 0.510166359375 0.5 0.5231053609375 0.6969230765625001 0.516635859375 0.8169230765625001 0.50277264375 0.8169230765625001 0.5009242140625 0.8846153843750001 0.5600739375 0.8830769234375 0.5637707953125 0.6830769234375 0.549907578125 0.5015384609375
0 0.5683918671875 0.6799999999999999 0.5637707953125 0.8415384609375 0.6044362296875 0.8384615390624999 0.6136783734375 0.6492307687500001 0.5988909421875 0.504615384375 0.5536044359375001 0.506153846875 0.5683918671875 0.6799999999999999
0 0.6617375234375 0.6723076921875 0.655268021875 0.57076923125 0.6377079484375 0.5030769234375 0.60536044375 0.504615384375 0.619223659375 0.6630769234375 0.6090573015625 0.8415384609375 0.5961183 0.8430769234375 0.59334565625 0.8846153843750001 0.6543438078125 0.8830769234375 0.6617375234375 0.6723076921875
0 0.8317929765625 0.186153846875 0.8327171906249999 0.106153846875 0.7670979671875 0.12153846093750001 0.6737523109375 0.104615384375 0.670055453125 0.19692307656250002 0.7643253234375 0.21076923125000002 0.8317929765625 0.186153846875
0 0.7670979671875 0.2184615390625 0.6682070234374999 0.195384615625 0.6682070234374999 0.27076923124999996 0.7707948250000001 0.28923076875 0.8336414046874999 0.25846153906249997 0.8327171906249999 0.1923076921875 0.7670979671875 0.2184615390625
0 0.8364140484375 0.264615384375 0.7652495375 0.3015384609375 0.674676525 0.27999999999999997 0.676524953125 0.35076923125000004 0.7698706093750001 0.353846153125 0.8382624765625 0.326153846875 0.8364140484375 0.264615384375
0 0.8373382625 0.3415384609375 0.7717190390625001 0.36923076875 0.674676525 0.3569230765625 0.676524953125 0.426153846875 0.7717190390625001 0.4323076921875 0.8382624765625 0.424615384375 0.8373382625 0.3415384609375
0 0.84011090625 0.4323076921875 0.7689463953125 0.4415384609375 0.6756007390625001 0.4323076921875 0.6737523109375 0.50923076875 0.7689463953125 0.5076923078125 0.8327171906249999 0.5030769234375 0.84011090625 0.4323076921875
0 0.8373382625 0.5107692312500001 0.772643253125 0.5169230765624999 0.67744916875 0.5123076921874999 0.674676525 0.58923076875 0.76802218125 0.586153846875 0.8364140484375 0.573846153125 0.8373382625 0.5107692312500001
0 0.84011090625 0.5784615390625001 0.7707948250000001 0.595384615625 0.6756007390625001 0.595384615625 0.67744916875 0.6569230765625 0.7698706093750001 0.66923076875 0.84011090625 0.6599999999999999 0.84011090625 0.5784615390625001
0 0.839186690625 0.6676923078125 0.7763401109375 0.6799999999999999 0.679297596875 0.6599999999999999 0.6783733828125 0.7384615390625 0.7744916828124999 0.7553846156249999 0.841959334375 0.746153846875 0.839186690625 0.6676923078125
0 0.7717190390625001 0.7630769234375 0.6756007390625001 0.7430769234375 0.679297596875 0.8 0.775415896875 0.815384615625 0.841959334375 0.804615384375 0.8382624765625 0.7584615390625 0.7717190390625001 0.7630769234375
0 0.7809611828125 0.93076923125 0.844731978125 0.91076923125 0.8410351203124999 0.80923076875 0.7763401109375 0.826153846875 0.682070240625 0.8107692312499999 0.6802218109375 0.8630769234375 0.7236598890625 0.9123076921875001 0.7809611828125 0.93076923125