0 0.081560284375 0.161676646875 0.0691489359375 0.0404191609375 0.0088652484375 0.0419161671875 0.015957446875 0.163173653125 0.081560284375 0.161676646875
0 0.1347517734375 0.1556886234375 0.1365248234375 0.0344311375 0.074468084375 0.037425150000000004 0.0868794328125 0.15868263437500002 0.1347517734375 0.1556886234375
0 0.1384296765625 0.07698198125 0.1397607328125 0.1539639609375 0.1996581875 0.1477829265625 0.1890097515625 0.056191226562499995 0.15240575 0.0590007875 0.1490781140625 0.0713628578125 0.1384296765625 0.07698198125
0 0.25 0.157185628125 0.25 0.03592814375 0.1914893609375 0.03293413125 0.19680851093750001 0.1556886234375 0.25 0.157185628125
0 0.24691062656249999 0.07304859375 0.2489072078125 0.158459259375 0.31479440937500003 0.157335434375 0.308804665625 0.050010192187500004 0.267541971875 0.0533816640625 0.2668764453125 0.06799138437499999 0.24691062656249999 0.07304859375
0 0.37411347500000003 0.15419161718750002 0.3634751765625 0.026946107812499998 0.30673758906250004 0.03592814375 0.31205673749999996 0.15868263437500002 0.37411347500000003 0.15419161718750002
0 0.42730496406249996 0.15119760468750001 0.421985815625 0.0254491015625 0.3687943265625 0.03293413125 0.3705673765625 0.15419161718750002 0.42730496406249996 0.15119760468750001
0 0.484042553125 0.1482035921875 0.48049645312499994 0.020958084374999998 0.423758865625 0.0254491015625 0.4326241140625 0.1467065875 0.484042553125 0.1482035921875
0 0.547872340625 0.1497005984375 0.5425531921875 0.0224550890625 0.48226950312500005 0.017964071875 0.49113475156249997 0.1497005984375 0.547872340625 0.1497005984375
0 0.606382978125 0.143712575 0.6046099296875 0.017964071875 0.544326240625 0.023952095312499998 0.5531914890625 0.1467065875 0.606382978125 0.143712575
0 0.6076264203124999 0.0651818234375 0.6122851109375 0.1393542421875 0.6688549312500001 0.13429703125 0.6602030765625 0.0398957703125 0.6176093296875 0.04326724375 0.618940384375 0.0595627 0.6076264203124999 0.0651818234375
0 0.71985815625 0.13473053906250002 0.7145390078125 0.017964071875 0.6613475171875 0.020958084374999998 0.6648936171875001 0.1407185625 0.71985815625 0.13473053906250002
0 0.7836879437500001 0.13922155625 0.7712765953125 0.016467065625 0.71808510625 0.017964071875 0.726090278125 0.13766850625 0.7836879437500001 0.13922155625
0 0.84042553125 0.13173652656249998 0.8297872343750001 0.017964071875 0.7748226953125 0.017964071875 0.7836879437500001 0.1362275453125 0.84042553125 0.13173652656249998
0 0.08333333281250001 0.28592814375 0.0791977484375 0.16576411875 0.02728661875 0.1719451546875 0.012411346875 0.28293413125 0.08333333281250001 0.28592814375
0 0.1471631203125 0.28293413125 0.1365248234375 0.161676646875 0.0811943296875 0.1674498546875 0.0868794328125 0.28293413125 0.1471631203125 0.28293413125
0 0.19858156093749998 0.2799401203125 0.194999496875 0.1528401359375 0.13776415 0.156773521875 0.1489361703125 0.2769461078125 0.19858156093749998 0.2799401203125
0 0.25177305 0.270958084375 0.25 0.15419161718750002 0.20212765937500002 0.15419161718750002 0.20212765937500002 0.2754491015625 0.25177305 0.270958084375
0 0.264184396875 0.24550898281250003 0.262411346875 0.2769461078125 0.3156028375 0.2784431140625 0.31346335625 0.1618307328125 0.254896953125 0.16014499531249998 0.256228009375 0.239374625 0.264184396875 0.24550898281250003
0 0.37234042500000003 0.27245508906250004 0.3667055390625 0.159021171875 0.3141288828125 0.159583084375 0.3173758859375 0.2784431140625 0.37234042500000003 0.27245508906250004
0 0.4361702125 0.2739520953125 0.430596159375 0.157335434375 0.3766884484375 0.160706909375 0.3794326234375 0.2754491015625 0.4361702125 0.2739520953125
0 0.487588653125 0.27245508906250004 0.47872340468749996 0.1526946109375 0.43325826875000006 0.15583842812499998 0.4414893609375 0.2754491015625 0.487588653125 0.27245508906250004
0 0.4918246703125 0.2067837140625 0.49714888906250004 0.23150785312500002 0.512456015625 0.2343174140625 0.5151181265625 0.24724139687500002 0.5570463453125 0.2449937484375 0.553718709375 0.1494686625 0.48184176093750003 0.1511544 0.48516939687500005 0.20790753906249998 0.4918246703125 0.2067837140625
0 0.608957475 0.2006026796875 0.6096230015625 0.14216380312500002 0.5543842359375 0.1460971890625 0.5583774 0.2461175734375 0.5843329640625 0.24555566093749998 0.5823363828125 0.2303840296875 0.5969779828124999 0.2303840296875 0.59631245625 0.201726503125 0.608957475 0.2006026796875
0 0.626261184375 0.2292602046875 0.6289232921875 0.247803309375 0.673513621875 0.2444318359375 0.6641962390625 0.14722101406250002 0.61428169375 0.152278225 0.6116195828125 0.22645064375 0.626261184375 0.2292602046875
0 0.6681894046875 0.1483448390625 0.6761757312500001 0.2421841875 0.704127878125 0.2421841875 0.702131296875 0.22645064375 0.7167728953125 0.2219553453125 0.7114486765625 0.14722101406250002 0.6681894046875 0.1483448390625
0 0.7527113703125 0.2219553453125 0.753376896875 0.23656506406250002 0.7879843171875 0.23768888906250002 0.785987734375 0.1466591015625 0.7287523890625 0.1477829265625 0.729417915625 0.2219553453125 0.7527113703125 0.2219553453125
0 0.7879843171875 0.1528401359375 0.79197748125 0.23544123906249997 0.8159364625000001 0.23487932812499998 0.8146054078124999 0.2174600484375 0.8285814828125 0.21577430937500003 0.823922790625 0.152278225 0.7879843171875 0.1528401359375
0 0.7721631203125 0.3001497 0.7573700609375 0.3922147625 0.90602836875 0.3989520953125 0.9086879437500001 0.3488023953125 0.8652482265625 0.3443113765625 0.8705673765625 0.299401196875 0.7721631203125 0.3001497
0 0.90691489375 0.44535928125 0.9086879437500001 0.4034431140625 0.7731191843749999 0.39558623437499996 0.767730496875 0.4356287421875 0.90691489375 0.44535928125
0 0.90425531875 0.49700598749999997 0.9104609921875 0.44535928125 0.76558245625 0.439419671875 0.7589271828124999 0.48830604062500005 0.90425531875 0.49700598749999997
0 0.8971631203125 0.5426646703125 0.8998226953125 0.49850299375 0.7626942796875 0.4956066203125 0.761363225 0.531007090625 0.8971631203125 0.5426646703125
0 0.755373478125 0.5916936171875 0.890070921875 0.6032934125 0.893617021875 0.5441616765624999 0.7570921984375001 0.535179640625 0.755373478125 0.5916936171875
0 0.7890070921875 0.67964071875 0.795212765625 0.6467065875 0.888297871875 0.645958084375 0.888297871875 0.606287425 0.7517730499999999 0.5958083828125 0.734929078125 0.681886228125 0.7890070921875 0.67964071875
0 0.7384751765625001 0.663173653125 0.7455673765624999 0.5965568859375 0.6037234046875 0.586826346875 0.59397163125 0.6511976046875 0.7384751765625001 0.663173653125
0 0.752659575 0.5441616765624999 0.605496453125 0.535179640625 0.59751773125 0.5845808390625 0.75 0.5928143718750001 0.752659575 0.5441616765624999
0 0.7606382984375 0.4955089828125 0.610815603125 0.48428143749999997 0.605496453125 0.5306886234375 0.7544326234375001 0.5426646703125 0.7606382984375 0.4955089828125
0 0.7588652484375 0.44835329375 0.6179078015624999 0.4341317359375 0.609929078125 0.48278443125 0.7579787234375 0.4925149703125 0.7588652484375 0.44835329375
0 0.764184396875 0.39520958125 0.622340425 0.3847305390625 0.6179078015624999 0.43188622812500005 0.7606382984375 0.44535928125 0.764184396875 0.39520958125
0 0.7520458421875 0.39390049843749997 0.769503546875 0.3001497 0.6675531921875 0.300898203125 0.6258865250000001 0.32934131718750004 0.6205673765624999 0.38248502968750003 0.7520458421875 0.39390049843749997
0 0.43658590625000004 0.399519621875 0.5477289625 0.41019595468750003 0.5523876546875 0.3747954828125 0.533752890625 0.3725478328125 0.535749471875 0.3590619390625 0.43924801406249997 0.352880903125 0.43658590625000004 0.399519621875
0 0.4372514328125 0.40176727031250004 0.4292651046875 0.43885348124999995 0.44989644999999995 0.441101128125 0.44989644999999995 0.4489679015625 0.488497034375 0.4506536375 0.488497034375 0.443348778125 0.5217733984375 0.4467202515625 0.526432090625 0.4343581828125 0.5430702734375 0.43604391875 0.548394490625 0.4130055171875 0.4372514328125 0.40176727031250004
0 0.4159545578125 0.4529012875 0.4139579765625 0.4989780921875 0.537746053125 0.5102163390625 0.5350839453125 0.477063515625 0.523104453125 0.47200630312499997 0.522438925 0.4562727609375 0.4159545578125 0.4529012875
0 0.42260983124999996 0.5017876546875 0.426602996875 0.5394357750000001 0.5191112890625 0.5473025484375 0.5251010359375 0.5355023906249999 0.5370805265625 0.534378565625 0.5364150000000001 0.5130258999999999 0.42260983124999996 0.5017876546875
0 0.5514184390625 0.6511976046875 0.5531914890625 0.6047904187500001 0.41063034062500003 0.5950650890625 0.40064743125 0.638894246875 0.5514184390625 0.6511976046875
0 0.299645390625 0.33907185625 0.28634751718749996 0.3989520953125 0.42127624218750004 0.40945173281249997 0.4317375890625 0.33757485 0.3705673765625 0.3330838328125 0.361702128125 0.3450598796875 0.299645390625 0.33907185625
0 0.41843971562500004 0.4528443109375 0.41994772343750003 0.414691253125 0.2854609921875 0.3989520953125 0.28102836875000003 0.43787425156250004 0.41843971562500004 0.4528443109375
0 0.41312056718749995 0.5112275453125 0.4140070921875 0.45658682656250005 0.27836879375 0.44386227500000003 0.2721631203125 0.5052395203125 0.41312056718749995 0.5112275453125
0 0.4046405953125 0.5534835828125 0.40929928593750003 0.5147116359374999 0.2721631203125 0.5074850296875 0.26684397187500003 0.5501497 0.4046405953125 0.5534835828125
0 0.40691489374999995 0.611526946875 0.41312056718749995 0.5561377249999999 0.265957446875 0.552395209375 0.265957446875 0.6025449109375 0.40691489374999995 0.611526946875
0 0.3971631203125 0.6706586828125001 0.39865085 0.6152939328125 0.2570921984375 0.6047904187500001 0.2588652484375 0.664670659375 0.3971631203125 0.6706586828125001
0 0.065221675 0.3624334109375 0.06255956562500001 0.3972719734375 0.0366040015625 0.4034530078125 0.039266109375000004 0.474253953125 0.0499145484375 0.47256821562500007 0.058566403125 0.5051591265625001 0.22894139062500002 0.5017876546875 0.23027244375000003 0.445034515625 0.16970945937499998 0.4489679015625 0.16837840625 0.37929077968749997 0.1497436421875 0.37535739375 0.1490781140625 0.3624334109375 0.065221675 0.3624334109375
0 0.07453905625 0.6501324921875 0.0732080015625 0.6647422109375001 0.10182567499999999 0.6585611765625 0.10648436718750001 0.565845653125 0.05989745625 0.566969478125 0.058566403125 0.641141896875 0.07453905625 0.6501324921875
0 0.1111430578125 0.66193265 0.1284467671875 0.654627790625 0.131108878125 0.6433895453125 0.16505076875 0.6445133703125 0.160392078125 0.5652837390625 0.107815421875 0.5647218281249999 0.100494621875 0.66193265 0.1111430578125 0.66193265
0 0.066552728125 0.7872390859375 0.07054589375 0.8586019437499999 0.1271157125 0.8619734171875001 0.1217914953125 0.7653245078124999 0.0838564390625 0.76588641875 0.0831909109375 0.7804961375 0.066552728125 0.7872390859375
0 0.1790268421875 0.8102774875 0.16970945937499998 0.8085917515625001 0.1670473515625 0.7788104015624999 0.156398915625 0.7760008390625 0.1537368046875 0.7642006828125 0.12312255000000001 0.762514946875 0.1297778234375 0.8653448906250001 0.1790268421875 0.8636591546875 0.17569920625 0.8411826625 0.1810234234375 0.8383731015624999 0.1790268421875 0.8102774875
0 0.185682115625 0.7810580515625001 0.1863476421875 0.8102774875 0.1810234234375 0.8119632250000001 0.1843510609375 0.863097240625 0.2442485171875 0.8625353296875 0.23692771562499998 0.73722889375 0.1983271328125 0.7383527187500001 0.1983271328125 0.7788104015624999 0.185682115625 0.7810580515625001
0 0.289504371875 0.8029726281249999 0.2848456828125 0.757457734375 0.2695385546875 0.7568958234375 0.26621091875 0.7366669828125 0.2395898265625 0.7361050687499999 0.2435829890625 0.8647829796875 0.28817331875 0.8602876796875 0.28551120937499996 0.8344397156250001 0.29948728125 0.8321920671875 0.2961596453125 0.805220278125 0.289504371875 0.8029726281249999
0 0.3593847390625 0.8490494343749999 0.3510638296875 0.730538921875 0.2854609921875 0.730538921875 0.3021493921875 0.8518589953125 0.3593847390625 0.8490494343749999
0 0.4066371765625 0.8501732593750001 0.40780141875 0.7260479046875 0.3546099296875 0.7260479046875 0.3613813203125 0.8518589953125 0.4066371765625 0.8501732593750001
0 0.42061325 0.7737531921875 0.4192821953125 0.801848803125 0.40597164843750005 0.801848803125 0.40996481406249996 0.8417445750000001 0.42061325 0.8417445750000001 0.4212787765625 0.848487521875 0.4765175421875 0.8490494343749999 0.4745209609375 0.7512767 0.43592037812499995 0.752400525 0.43259274062499997 0.7715055421875 0.42061325 0.7737531921875
0 0.5217733984375 0.8456779609374999 0.523104453125 0.7945439453125 0.523104453125 0.7715055421875 0.506466271875 0.7686959812499999 0.5024731078125 0.752400525 0.47784859687500003 0.7518386125000001 0.48051070781250005 0.8479256109375 0.5217733984375 0.8456779609374999
0 0.5265957453125 0.7529940125000001 0.5397426359375 0.8468017859374999 0.5943158734375 0.843992225 0.59042553125 0.7230538921874999 0.5496453906250001 0.7245508984375 0.5496453906250001 0.7544910171875 0.5265957453125 0.7529940125000001
0 0.6415683125 0.8428684000000001 0.641843971875 0.7604790421875001 0.627659575 0.7559880234375 0.6170212765625 0.7215568859375 0.59574468125 0.7230538921874999 0.59631245625 0.8411826625 0.6415683125 0.8428684000000001
0 0.6515512218749999 0.7619530328125 0.6548788578125 0.814210875 0.67284809375 0.8288205921875 0.68349653125 0.8394969265625001 0.7107831499999999 0.8389350140625 0.710117621875 0.7428480171875 0.6661928203125 0.743409928125 0.6648617671875 0.761391121875 0.6515512218749999 0.7619530328125
0 0.71211420625 0.7406003671875 0.7141107875 0.8406207515625 0.7720116609375001 0.8389350140625 0.7973016984375 0.8321920671875 0.7913119531249999 0.7198096140625 0.7194350046875 0.7243049109374999 0.7194350046875 0.7411622796875 0.71211420625 0.7406003671875
0 0.58566401875 0.85691620625 0.5909882375 0.94906981875 0.633581984375 0.94850790625 0.6309198765625 0.9316505375 0.6428993671875001 0.9294028890625 0.6389062015625 0.8541066453124999 0.58566401875 0.85691620625
0 0.53191489375 0.85778443125 0.5354609921875 0.9730538921875 0.59751773125 0.9715568859375001 0.583001909375 0.8563542953125 0.53191489375 0.85778443125
0 0.5297597265625 0.9350220124999999 0.52376998125 0.8580400312500001 0.46586910625 0.8597257671874999 0.47119332500000005 0.9535651171874999 0.5137870703125 0.9546889421874999 0.5137870703125 0.9378315734375 0.5297597265625 0.9350220124999999
0 0.41134751718749996 0.8637724546875001 0.40957446875 0.9805389218749999 0.47517730468749997 0.979041915625 0.46254147031250004 0.8586019437499999 0.41134751718749996 0.8637724546875001
0 0.3959887390625 0.957498503125 0.39798532343750004 0.940079221875 0.40730270312499994 0.942326871875 0.4066371765625 0.8647829796875 0.3573881578125 0.8636591546875 0.36537448437500003 0.9586223265625 0.3959887390625 0.957498503125
0 0.32278073749999997 0.9754796953125 0.3647089578125 0.9737939578124999 0.356057103125 0.8698401890625 0.3114667734375 0.8704021 0.3081391359375 0.94906981875 0.323446265625 0.9518793796875 0.32278073749999997 0.9754796953125
0 0.2921664828125 0.940641134375 0.28883884531250004 0.8692782765624999 0.24557957031250002 0.866468715625 0.24491404375 0.9625557125 0.2768593546875 0.9586223265625 0.2795214640625 0.9462602578125001 0.2921664828125 0.940641134375
0 0.19034080625 0.8675925390625 0.18882978749999998 0.986526946875 0.24645389999999998 0.9842814375 0.2442485171875 0.8653448906250001 0.19034080625 0.8675925390625
0 0.12322694999999999 0.8652694609375 0.1196808515625 0.986526946875 0.1914893609375 0.9842814375 0.1835106390625 0.8660179640625 0.12322694999999999 0.8652694609375
0 0.1187943265625 0.986526946875 0.117132803125 0.8681544515624999 0.0567375890625 0.8667664671875001 0.0558510640625 0.9303892218750001 0.0673758859375 0.9378742515624999 0.0691489359375 0.9857784437499999 0.1187943265625 0.986526946875
0 0.5496453906250001 0.552395209375 0.4166666671875 0.5479041921875 0.40602836875000003 0.5913173656249999 0.5425531921875 0.6002994015625001 0.5496453906250001 0.552395209375