0 0.29555673125 0.0932449234375 0.29687913125 0.0732145328125 0.12893414375 0.0669982046875 0.12628934218750001 0.0891007046875 0.11306532656249998 0.0891007046875 0.11240412500000001 0.16576875156249998 0.31274795 0.17198508125 0.315392753125 0.0939356265625 0.29555673125 0.0932449234375
0 0.3306003703125 0.0725238296875 0.331261571875 0.0980798453125 0.320682359375 0.09877054843750001 0.31803755625 0.167150159375 0.50846336875 0.16784086250000002 0.5097857718750001 0.0980798453125 0.493255753125 0.0960077359375 0.48730494531249996 0.071142421875 0.3306003703125 0.0725238296875
0 0.5064797671875 0.31703273906249996 0.5011901609375 0.17682000312499999 0.3643216078125 0.1726757828125 0.36961121406249997 0.3156513328125 0.5064797671875 0.31703273906249996
0 0.2353874640625 0.1733664875 0.2386934671875 0.3163420375 0.3689500140625 0.3156513328125 0.36233800625 0.174057190625 0.2353874640625 0.1733664875
0 0.09984131093750001 0.1733664875 0.0991801109375 0.3163420375 0.23935466875000003 0.3163420375 0.2347262625 0.1733664875 0.09984131093750001 0.1733664875
0 0.6453319234375 0.0918635171875 0.6479767265625 0.1761292984375 0.7742660671875 0.1692222671875 0.76500925625 0.0414421875 0.6777307593749999 0.042132890625 0.6810367625 0.0849564859375 0.6453319234375 0.0918635171875
0 0.8701401750000001 0.0787401578125 0.86551176875 0.053184142187500005 0.778233271875 0.059400470312499995 0.78749008125 0.180964221875 0.923697434375 0.18303633125000002 0.9065062140625001 0.0801215640625 0.8701401750000001 0.0787401578125
0 0.790134884375 0.29423953593749996 0.789473684375 0.245890315625 0.7808780734375 0.24381820781250002 0.7762496703124999 0.1761292984375 0.6552499328125 0.181654925 0.6519439296875 0.3218676609375 0.778233271875 0.3218676609375 0.7828616765625 0.2990744578125 0.790134884375 0.29423953593749996
0 0.92105263125 0.229313440625 0.915101825 0.18441773749999998 0.79806929375 0.185108440625 0.7974080921875 0.3225583640625 0.9190690281249999 0.3191048484375 0.92105263125 0.29423953593749996 0.9276646390625001 0.2811161765625 0.9283258390625001 0.24381820781250002 0.92105263125 0.229313440625
0 0.3907696375 0.5173366484375 0.3914308375 0.435833678125 0.382174028125 0.43307086562499997 0.379529225 0.413040475 0.30018513593749996 0.413040475 0.29952393593750004 0.43099875781249997 0.2671251 0.43307086562499997 0.26646389843749996 0.5200994609375 0.3907696375 0.5173366484375
0 0.5494578156250001 0.4876364140625 0.5461518109375 0.47451305312500003 0.5454906109375 0.44343141406250003 0.42581327656249995 0.438596490625 0.42052367031250004 0.5477275859375 0.538878603125 0.55187180625 0.5468130125 0.5111203203125 0.5494578156250001 0.4876364140625
0 0.6770695578125 0.467606021875 0.6770695578125 0.44135930312499994 0.565987834375 0.44205000625 0.5626818296875 0.551181103125 0.67508595625 0.54910899375 0.6770695578125 0.5097389140625 0.6843427656250001 0.5014504765625001 0.6843427656250001 0.4828014921875 0.6770695578125 0.467606021875
0 0.811293309375 0.46208039687499997 0.8106321078125 0.44343141406250003 0.7068235921875 0.4441221171875 0.704839990625 0.4593175859375 0.6955831796874999 0.467606021875 0.69756678125 0.5504903984375 0.811293309375 0.55187180625 0.8132769109375 0.5125017265625 0.8212113203125 0.4979969609375 0.8192277171875 0.47036883593749995 0.811293309375 0.46208039687499997
0 0.956757471875 0.5339135234375 0.9534514671875 0.47451305312500003 0.8912985984375 0.4731316484375 0.889314996875 0.4655339140625 0.8350965359375 0.46277110156249995 0.8344353343750001 0.4897085234375 0.8298069296874999 0.4973062578125 0.8278233265624999 0.5276971953125 0.8364189375000001 0.5422019625 0.8364189375000001 0.570520790625 0.9441946578125 0.5753557125000001 0.9481618624999999 0.535985634375 0.956757471875 0.5339135234375
0 0.181830203125 0.62094211875 0.17323459375 0.580190634375 0.09984131093750001 0.580190634375 0.07207088125 0.5808813374999999 0.070748478125 0.6630750109375 0.1738957953125 0.6637657140625 0.181830203125 0.62094211875
0 0.2446442734375 0.5725928984374999 0.21224543749999997 0.56844868125 0.209600634375 0.6313026671874999 0.242660671875 0.6354468843750001 0.29158952656250003 0.632684071875 0.29158952656250003 0.5725928984374999 0.2446442734375 0.5725928984374999
0 0.40663845624999995 0.56154165 0.360354403125 0.5580881343749999 0.3107643484375 0.569139384375 0.310103146875 0.633374775 0.432425284375 0.6444260265625 0.44035969374999995 0.57397430625 0.40663845624999995 0.56154165
0 0.2492726796875 0.6430446187500001 0.175879396875 0.6506423546875 0.1785242 0.7280011046875 0.2499338796875 0.7280011046875 0.2492726796875 0.6430446187500001
0 0.24199947187499998 0.732836028125 0.2433218734375 0.7459593875 0.30018513593749996 0.7480314953125 0.322004759375 0.7452686843749999 0.3213435609375 0.645116728125 0.2499338796875 0.6416632124999999 0.25191748281250004 0.7314546203125001 0.24199947187499998 0.732836028125
0 0.35572599843749997 0.7431965734375 0.3947368421875 0.7383616515625 0.40994445781250005 0.7065893078125 0.40994445781250005 0.6603121984375 0.3272943671875 0.65133305625 0.32002115781249996 0.7431965734375 0.35572599843749997 0.7431965734375
0 0.2889447234375 0.76115485625 0.281010315625 0.7777317312500001 0.2446442734375 0.775659621875 0.2446442734375 0.8447299359375 0.3365511765625 0.8426578250000001 0.337873578125 0.771515403125 0.31737635625 0.771515403125 0.314731553125 0.761845559375 0.2889447234375 0.76115485625
0 0.3226659609375 0.9303771234375 0.31340914999999997 0.8640696234374999 0.20563343125000003 0.87166735625 0.2135678390625 0.9448818890625 0.3226659609375 0.9303771234375
0 0.510446971875 0.8468020453125 0.5091245703125 0.8986047796875001 0.611610684375 0.877883684375 0.617561490625 0.8454206375 0.6235122984375 0.8240088406250001 0.6155778890625 0.7411244640625 0.5911134625 0.7342174328125 0.4311028828125 0.74181516875 0.4277968796875 0.807431965625 0.45226130624999994 0.8088133718750001 0.4648241203125 0.846111340625 0.510446971875 0.8468020453125
0 0.60830468125 0.7266197 0.6142554875 0.7031357921875 0.6373975140625 0.6996822765624999 0.654588734375 0.6464981359374999 0.647315525 0.5898604781250001 0.5871462578125 0.5884790718749999 0.5739222421875 0.591241884375 0.567310234375 0.596767509375 0.5481354140625 0.596767509375 0.54218460625 0.564995165625 0.4925945515625 0.5601602421874999 0.5018513625 0.6036745406249999 0.482676540625 0.625777040625 0.477386934375 0.6782704796875 0.5011901609375 0.7010636828125001 0.4959005546875 0.7314546203125001 0.57458344375 0.7383616515625 0.58582385625 0.7245475890625 0.60830468125 0.7266197
0 0.8251785234375 0.8530183734375001 0.7848452781249999 0.8571625921875 0.7822004765624999 0.8758115765625 0.7676540609375 0.8916977484374999 0.789473684375 0.993231109375 0.811293309375 0.9980660312499999 0.8628669656250001 0.98425196875 0.8489817515625001 0.8847907171875 0.8251785234375 0.8530183734375001
0 0.9937847140624999 0.7217847765625 0.9832055015625001 0.7058986046875 0.9719650890624999 0.7107335265625 0.9613858765625001 0.6437353234375001 0.9078286171875 0.6527144625 0.8939434 0.6782704796875 0.868817771875 0.6844868078124999 0.8714625765624999 0.732836028125 0.8754297796875001 0.74181516875 0.8628669656250001 0.7452686843749999 0.86418936875 0.787401575 0.8965882046875 0.7901643875000001 0.9071674156249999 0.817101809375 0.9197302296875 0.819864621875 0.9303094421875 0.8343693890624999 0.9977519171875 0.8240088406250001 0.9832055015625001 0.7542478234375001 0.9964295156249999 0.7487222 0.9937847140624999 0.7217847765625
0 0.85427135625 0.7369802453125 0.845675746875 0.6913938390625 0.8595609625 0.6893217296875 0.8602221640625001 0.6534051671875 0.74318963125 0.6527144625 0.7438508328125 0.6913938390625 0.7055011890625 0.6934659484375 0.7134356000000001 0.787401575 0.8040201 0.787401575 0.812615709375 0.771515403125 0.8503041515625 0.7652990749999999 0.85427135625 0.7369802453125