0 0.309890109375 0.18403041874999998 0.3179487171875 0.084410646875 0.259340659375 0.086692015625 0.259340659375 0.26692015156250004 0.3164835171875 0.2653992390625 0.309890109375 0.18403041874999998
0 0.3553113546875 0.2623574140625 0.3487179484375 0.097338403125 0.3208791203125 0.089733840625 0.3128205125 0.18555133125 0.315750915625 0.26768060781249997 0.3553113546875 0.2623574140625
0 0.4124542125 0.2547528515625 0.40219780156249996 0.184790875 0.40219780156249996 0.103422053125 0.3575091578125 0.103422053125 0.3611721609375 0.18174905 0.3670329671875 0.2547528515625 0.4124542125 0.2547528515625
0 0.403663003125 0.091254753125 0.40512820468750005 0.18174905 0.41611721562500004 0.2547528515625 0.4608058609375 0.2517110265625 0.4622710625 0.184790875 0.4622710625 0.10722433437500001 0.43956043906250003 0.107984790625 0.43956043906250003 0.091254753125 0.403663003125 0.091254753125
0 0.46593406562500006 0.17642585625 0.47179487187499997 0.26692015156250004 0.5076923078125 0.26692015156250004 0.502564103125 0.1756654 0.5106227109375 0.095057034375 0.46593406562500006 0.095057034375 0.46593406562500006 0.17642585625
0 0.5626373625000001 0.2692015203125 0.55604395625 0.093536121875 0.515018315625 0.095057034375 0.5047619046875 0.17642585625 0.5120879125 0.2722433453125 0.5626373625000001 0.2692015203125
0 0.5626373625000001 0.1756654 0.5648351640625 0.25019011406249997 0.60659340625 0.2486692015625 0.6043956046875001 0.1718631171875 0.6073260078125 0.095817490625 0.5670329671875 0.096577946875 0.5626373625000001 0.1756654
0 0.6080586078125 0.17110266093749998 0.6124542125 0.2524714828125 0.64322344375 0.2524714828125 0.640293040625 0.1733840296875 0.64981685 0.093536121875 0.6124542125 0.092775665625 0.6080586078125 0.17110266093749998
0 0.652747253125 0.1665399234375 0.658608059375 0.24638783281249999 0.7040293046875 0.2433460078125 0.7003663 0.1733840296875 0.7047619046875 0.089733840625 0.652747253125 0.09201520937499999 0.652747253125 0.1665399234375
0 0.7545787546875 0.1315589359375 0.7545787546875 0.0722433453125 0.7245421249999999 0.0722433453125 0.7201465203125 0.094296578125 0.7069597062499999 0.093536121875 0.7047619046875 0.1749049421875 0.7084249078125 0.2524714828125 0.75604395625 0.2562737640625 0.75677655625 0.18403041874999998 0.765567765625 0.17946768125 0.7633699640625 0.1338403046875 0.7545787546875 0.1315589359375
0 0.7978021984375 0.18250950625 0.8 0.095057034375 0.7619047625 0.095817490625 0.7575091578125 0.13003802343749998 0.7641025640625 0.1505703421875 0.76849816875 0.1832699625 0.7611721609375001 0.19239543750000002 0.758974359375 0.2547528515625 0.802930403125 0.2494296578125 0.7978021984375 0.18250950625
0 0.8351648359375 0.097338403125 0.803663003125 0.095817490625 0.802930403125 0.18098859375 0.8058608062499999 0.2448669203125 0.84322344375 0.2395437265625 0.8424908421874999 0.20684410625 0.8505494499999999 0.19239543750000002 0.8512820515625 0.14752851718749999 0.8373626375000001 0.1307984796875 0.8351648359375 0.097338403125
0 0.8600732593749999 0.109505703125 0.8520146515624999 0.1307984796875 0.847619046875 0.2745247140625 0.9201465203125 0.2714828890625 0.9238095234375001 0.121673003125 0.9018315015624999 0.12471482812500001 0.8886446890625 0.109505703125 0.8600732593749999 0.109505703125
0 0.8542124546875 0.284410646875 0.8600732593749999 0.43117870781249995 0.924542125 0.4342205328125 0.91868131875 0.279087453125 0.8791208796875001 0.276045628125 0.8776556781249999 0.287452471875 0.8542124546875 0.284410646875
0 0.8417582421875001 0.26159695781250003 0.7978021984375 0.26159695781250003 0.79340659375 0.3619771859375 0.79413919375 0.4737642578125 0.8417582421875001 0.4714828890625 0.8417582421875001 0.26159695781250003
0 0.79340659375 0.41596958125 0.7919413921875 0.3596958171875 0.7926739921875 0.301901140625 0.7611721609375001 0.301901140625 0.7582417578125 0.3612167296875 0.7604395609375 0.41140684375000003 0.79340659375 0.41596958125
0 0.7428571421875 0.43117870781249995 0.7450549453125 0.38859315625 0.7509157515625 0.38555133124999996 0.7553113546875 0.281368821875 0.6996336999999999 0.27984790937500004 0.7003663 0.3581749046875 0.7010989015625 0.41444866874999997 0.7128205125 0.41596958125 0.7128205125 0.42965779531250003 0.7428571421875 0.43117870781249995
0 0.64981685 0.26159695781250003 0.6476190468749999 0.31482889687500004 0.6637362640625 0.317110265625 0.6615384609375 0.39391634999999997 0.646886446875 0.3893536125 0.6520146515625 0.478326996875 0.7047619046875 0.48060836562500003 0.6959706953125 0.3589353609375 0.7025641031250001 0.2638783265625 0.64981685 0.26159695781250003
0 0.64322344375 0.39923954375 0.64395604375 0.28897338437500003 0.60586080625 0.285171103125 0.60586080625 0.476806084375 0.652747253125 0.47300380156250005 0.6490842484375 0.39467680625 0.64322344375 0.39923954375
0 0.55677655625 0.479087453125 0.603663003125 0.478326996875 0.603663003125 0.2661596953125 0.5509157515625 0.2737642578125 0.55677655625 0.479087453125
0 0.5076923078125 0.29733840312500004 0.5076923078125 0.45627376406250003 0.5304029296875 0.4714828890625 0.5538461531250001 0.478326996875 0.5428571421874999 0.299619771875 0.5076923078125 0.29733840312500004
0 0.46520146562500003 0.42889733906250005 0.50622710625 0.45703422031249996 0.503296703125 0.2699619765625 0.46373626406249996 0.2714828890625 0.46520146562500003 0.42889733906250005
0 0.45787545781250005 0.4494296578125 0.45641025625 0.2608365015625 0.40293040312499995 0.2623574140625 0.4102564109375 0.45095057031249997 0.45787545781250005 0.4494296578125
0 0.3956043953125 0.279087453125 0.3582417578125 0.28973384062499996 0.36849816875 0.43954372656249996 0.408791209375 0.44638783281250005 0.4 0.2745247140625 0.3956043953125 0.279087453125
0 0.3670329671875 0.4714828890625 0.3670329671875 0.4015209125 0.353113553125 0.39619771875 0.352380953125 0.285171103125 0.3084249078125 0.282129278125 0.3047619046875 0.3528517109375 0.3142857140625 0.47528517187499997 0.3670329671875 0.4714828890625
0 0.3003663 0.3604562734375 0.30549450624999996 0.305703421875 0.277655678125 0.302661596875 0.26739926718749996 0.3323193921875 0.2520146515625 0.3330798484375 0.2490842484375 0.47072243281250004 0.3106227109375 0.4722433453125 0.3003663 0.3604562734375
0 0.3172161171875 0.6517110265625 0.371428571875 0.6547528515625001 0.3728937734375 0.6745247140624999 0.44908424843750006 0.6661596953125 0.4483516484375 0.6524714828125 0.45641025625 0.6539923953125 0.45274725312499997 0.59771863125 0.3230769234375 0.59771863125 0.3172161171875 0.6517110265625
0 0.35677655625 0.712547528125 0.347252746875 0.7444866921875 0.44468864531249996 0.7429657796875 0.44322344375 0.695057034375 0.38095238125 0.693536121875 0.3758241765625 0.707224334375 0.35677655625 0.712547528125
0 0.3802197796875 0.7650190109375 0.3860805859375 0.78403041875 0.4454212453125 0.7802281375 0.4454212453125 0.7467680609375 0.3421245421875 0.7467680609375 0.35018315 0.7619771859375 0.3802197796875 0.7650190109375
0 0.44981685000000005 0.7954372625 0.391208790625 0.79467680625 0.38095238125 0.8121672999999999 0.353113553125 0.8121672999999999 0.34432234375 0.8441064640624999 0.44908424843750006 0.8441064640624999 0.44981685000000005 0.7954372625
0 0.3487179484375 0.8463878328125001 0.3509157515625 0.884410646875 0.45054945 0.881368821875 0.447619046875 0.8494296578125 0.3487179484375 0.8463878328125001
0 0.378754578125 0.9140684406249999 0.3509157515625 0.9140684406249999 0.34358974375 0.9422053234375 0.45054945 0.9467680609375 0.44688644687499995 0.900380228125 0.3882783875 0.898098859375 0.378754578125 0.9140684406249999
0 0.3772893765625 0.9718631171875 0.3860805859375 0.9863117875 0.44908424843750006 0.9847908750000001 0.4483516484375 0.9520912546875 0.34505494531249997 0.9444866921875 0.35018315 0.9695817484375 0.3772893765625 0.9718631171875
0 0.234432234375 0.712547528125 0.21025641093749997 0.711787071875 0.20293040312500002 0.6912547531250001 0.14945055000000002 0.694296578125 0.14652014687499998 0.7376425859375 0.24395604375 0.7368821296875 0.234432234375 0.712547528125
0 0.20805860781250002 0.7574144484375 0.246886446875 0.7551330796875 0.24322344375 0.7399239546875 0.14505494531250002 0.7414448671875 0.14945055000000002 0.7437262359375 0.1516483515625 0.77946768125 0.20952380937499998 0.7771863125 0.20805860781250002 0.7574144484375
0 0.14505494531250002 0.7931558937500001 0.15018315 0.8425855515625 0.2388278390625 0.8418250953124999 0.234432234375 0.81825095 0.20805860781250002 0.8121672999999999 0.2043956046875 0.79391635 0.14505494531250002 0.7931558937500001
0 0.24468864531249998 0.8638783265625 0.24468864531249998 0.8456273765625 0.1516483515625 0.8479087453125 0.1516483515625 0.879847909375 0.21245421250000002 0.882129278125 0.2131868125 0.8646387828125001 0.24468864531249998 0.8638783265625
0 0.147252746875 0.8958174906249999 0.152380953125 0.9490494296875 0.24102564062499998 0.9467680609375 0.2380952375 0.918631178125 0.21172161250000002 0.9140684406249999 0.20805860781250002 0.8958174906249999 0.147252746875 0.8958174906249999
0 0.24395604375 0.9657794671875 0.24322344375 0.9467680609375 0.1545787546875 0.9513307984375 0.1575091578125 0.9832699625 0.21172161250000002 0.98098859375 0.208791209375 0.9665399234375001 0.24395604375 0.9657794671875
0 0.9296703296875 0.6615969578125 0.90622710625 0.6608365015625 0.90695970625 0.6372623578125001 0.8615384609375001 0.6372623578125001 0.8578754578125001 0.7733840296875 0.9289377296874999 0.7733840296875 0.9296703296875 0.6615969578125
0 0.7992674 0.6631178703125 0.775091575 0.6676806078124999 0.7736263734375 0.7285171109374999 0.7794871796875 0.7429657796875 0.78168498125 0.7688212921875001 0.841025640625 0.7703422046874999 0.8439560437500001 0.6418250953125 0.8051282046875 0.6395437265624999 0.7992674 0.6631178703125
0 0.7926739921875 0.8904942968749999 0.796336996875 0.8760456281250001 0.8219780218749999 0.876806084375 0.8300366296874999 0.886692015625 0.890109890625 0.8828897343750001 0.8915750921875001 0.8342205328125001 0.8776556781249999 0.8334600765625 0.8681318687499999 0.80608365 0.815384615625 0.80608365 0.8146520140625 0.7954372625 0.7853479859375 0.7954372625 0.772161171875 0.8053231937499999 0.7582417578125 0.81825095 0.759706959375 0.891254753125 0.7926739921875 0.8904942968749999
0 0.7523809531250001 0.9703422046875 0.7516483515625 0.902661596875 0.5875457875000001 0.902661596875 0.590476190625 0.9749049421875 0.621245421875 0.9741444859374999 0.6395604390625 0.9634980984375 0.6520146515625 0.9665399234375001 0.6644688640624999 0.996958175 0.6901098906249999 0.99467680625 0.7157509156249999 0.98098859375 0.7523809531250001 0.9703422046875
0 0.7575091578125 0.8942965781250001 0.75604395625 0.8076045625000001 0.5956043953125 0.815209125 0.5985347984375 0.888973384375 0.6959706953125 0.884410646875 0.6989010984374999 0.8996197718750001 0.7575091578125 0.8942965781250001
0 0.6798534796875 0.61140684375 0.677655678125 0.6250950578125 0.64981685 0.6250950578125 0.6542124546875 0.79011406875 0.759706959375 0.78707224375 0.75677655625 0.6121673000000001 0.6798534796875 0.61140684375