0 0.058744048437499995 0.181766528125 0.070391575 0.32645630312499996 0.1073598125 0.32645630312499996 0.10584056875 0.1989484375 0.0952058703125 0.1971398171875 0.09064814375 0.1772449734375 0.058744048437499995 0.181766528125
0 0.1156333359375 0.198310353125 0.1099089140625 0.1972881359375 0.1081915859375 0.30462105781250004 0.11391600937499999 0.30462105781250004 0.11105379687500001 0.32404320468750003 0.147690103125 0.3250654234375 0.144827890625 0.16968824062500001 0.1156333359375 0.17377711406250002 0.1156333359375 0.198310353125
0 0.14804597656250001 0.17816091875 0.15126436875 0.3243021359375 0.1710344828125 0.322660096875 0.171494253125 0.3004926125 0.1770114953125 0.2988505734375 0.17471264375 0.19458128125000002 0.1613793109375 0.2003284078125 0.160919540625 0.1765188828125 0.14804597656250001 0.17816091875
0 0.1797701140625 0.19950738750000002 0.1760919546875 0.20197044218750002 0.1806896546875 0.325944171875 0.19954022968750001 0.322660096875 0.2013793109375 0.369458128125 0.2266666671875 0.36371100312500004 0.22298850468750003 0.1732348125 0.22390804531250003 0.1707717578125 0.1793103453125 0.1699507375 0.1797701140625 0.19950738750000002
0 0.2731034484375 0.3300492625 0.2698850578125 0.1403940875 0.22850574687499997 0.1403940875 0.23126436875 0.18555008125 0.2257471265625 0.18555008125 0.22942528750000002 0.3702791453125 0.24919540312500002 0.368637109375 0.24781609218749998 0.33251231406250004 0.2731034484375 0.3300492625
0 0.270804596875 0.1666666671875 0.276781609375 0.3267651875 0.304367815625 0.3201970453125 0.30068965468750003 0.190476190625 0.289655171875 0.1921182265625 0.2901149421875 0.169129721875 0.270804596875 0.1666666671875
0 0.3029885046875 0.1921182265625 0.3080459765625 0.3201970453125 0.3342528734375 0.31773399062499996 0.3374712640625 0.16748768593750002 0.3098850578125 0.1715927765625 0.310804596875 0.191297209375 0.3029885046875 0.1921182265625
0 0.3383908046875 0.1707717578125 0.33701149531249996 0.31937602656249997 0.36229885 0.3136289 0.36965517187499997 0.1880131359375 0.35586206875 0.1921182265625 0.35586206875 0.1724137921875 0.3383908046875 0.1707717578125
0 0.3719540234375 0.1954023 0.37011494218749996 0.3136289 0.39908045937500003 0.316912971875 0.4 0.1699507375 0.37333333281250003 0.1724137921875 0.3760919546875 0.1929392453125 0.3719540234375 0.1954023
0 0.4018390796875 0.1707717578125 0.4036781609375 0.3201970453125 0.4294252875 0.322660096875 0.432643678125 0.183087028125 0.4018390796875 0.1707717578125
0 0.4340229875 0.19458128125000002 0.4340229875 0.3078817734375 0.46666666718750005 0.30377668281250003 0.46758620625 0.160919540625 0.4418390796875 0.1699507375 0.44000000000000006 0.189655171875 0.4340229875 0.19458128125000002
0 0.470804596875 0.3029556640625 0.5039080453125 0.301313628125 0.5039080453125 0.189655171875 0.487356321875 0.1888341546875 0.4850574703125 0.16502463125 0.46988505781249995 0.16502463125 0.470804596875 0.3029556640625
0 0.11172413750000001 0.4942528734375 0.11402298749999999 0.41050903125 0.0717241375 0.4047619046875 0.0694252875 0.49178981874999994 0.058850575 0.4942528734375 0.057931034375 0.5459770125000001 0.07126436875 0.547619046875 0.0717241375 0.6100164218749999 0.10758620625 0.60591133125 0.10620689531250001 0.570607553125 0.114482759375 0.56732348125 0.11172413750000001 0.4942528734375
0 0.1471264375 0.41133005 0.1181609203125 0.41133005 0.114482759375 0.496715928125 0.114482759375 0.6034482765625 0.1448275859375 0.6026272578125 0.14758620625000002 0.5221674875 0.144367815625 0.4712643671875 0.1471264375 0.41133005
0 0.177931034375 0.4047619046875 0.150804596875 0.407224959375 0.1462068953125 0.479474546875 0.1489655171875 0.6026272578125 0.1760919546875 0.5993431859375 0.17885057499999998 0.563218390625 0.175632184375 0.48850574687500004 0.177931034375 0.4047619046875
0 0.2133333328125 0.40065681406250003 0.1770114953125 0.3973727421875 0.17885057499999998 0.48604269218749996 0.1793103453125 0.601806240625 0.209655171875 0.6001642046875 0.2105747125 0.5459770125000001 0.20919540312499998 0.48111658593750006 0.2133333328125 0.40065681406250003
0 0.2450574703125 0.3998357953125 0.2133333328125 0.40311986875 0.2119540234375 0.4729064046875 0.21379310468749999 0.6075533671875 0.239080459375 0.6042692921875 0.243218390625 0.541871921875 0.2404597703125 0.48111658593750006 0.2450574703125 0.3998357953125
0 0.245517240625 0.4835796375 0.2436781609375 0.6001642046875 0.27356321875 0.5944170765625 0.27356321875 0.48111658593750006 0.276781609375 0.38916256250000003 0.24827586250000003 0.390804596875 0.245517240625 0.4835796375
0 0.27586206875 0.474548440625 0.279080459375 0.5985221671875001 0.3071264375 0.5985221671875001 0.3071264375 0.474548440625 0.3089655171875 0.3924466328125 0.279080459375 0.3916256171875 0.27586206875 0.474548440625
0 0.3094252875 0.5993431859375 0.34022988593750003 0.5993431859375 0.3383908046875 0.46798029531249996 0.34390804531249997 0.39408866875 0.31310344843750004 0.3916256171875 0.31126436874999996 0.47865353125 0.3094252875 0.5993431859375
0 0.3457471265625 0.3965517234375 0.3416091953125 0.46880131406250003 0.3434482765625 0.600985221875 0.3650574703125 0.6001642046875 0.3604597703125 0.53858785 0.37333333281250003 0.5361247953125 0.36965517187499997 0.4770114953125 0.37287356250000003 0.3973727421875 0.3457471265625 0.3965517234375
0 0.40229885000000004 0.47536945781249995 0.4050574703125 0.3949096875 0.3742528734375 0.398193759375 0.371494253125 0.467159278125 0.375632184375 0.5353037765625 0.3839080453125 0.5369458125000001 0.3894252875 0.5607553359375 0.4050574703125 0.55993431875 0.4050574703125 0.5533661734375 0.40229885000000004 0.47536945781249995
0 0.40551724062499994 0.47044335000000004 0.40827586250000003 0.5640394093750001 0.4395402296875 0.5623973734375001 0.43448275937499997 0.4729064046875 0.4354022984375 0.3916256171875 0.40551724062499994 0.389983578125 0.40551724062499994 0.47044335000000004
0 0.43770115 0.47536945781249995 0.44275862187500004 0.5640394093750001 0.4671264375 0.5648604265625 0.4671264375 0.49014778281250004 0.46758620625 0.4014778328125 0.4381609203125 0.3965517234375 0.43770115 0.47536945781249995
0 0.470344828125 0.5574712640625 0.5071264375 0.5591133 0.5034482765625 0.40065681406250003 0.46896551718749996 0.4014778328125 0.470344828125 0.5574712640625
0 0.5204597703125 0.3596059125 0.56873563125 0.360426928125 0.56873563125 0.1297208546875 0.52 0.1321839078125 0.5204597703125 0.3596059125
0 0.5719540234375 0.1494252875 0.569655171875 0.3579638765625 0.600919540625 0.360426928125 0.597241378125 0.15270935937500002 0.5719540234375 0.1494252875
0 0.60413793125 0.34564860468749997 0.6321839078125 0.34400656875 0.6298850578125 0.2561576359375 0.6294252874999999 0.15599343125 0.6 0.1461412140625 0.600919540625 0.2619047625 0.60413793125 0.34564860468749997
0 0.6340229875000001 0.1510673234375 0.6321839078125 0.1921182265625 0.6312643687499999 0.2676518875 0.6381609203124999 0.35385878593750003 0.66528735625 0.3505747125 0.662068965625 0.26600985312500003 0.6634482765625 0.14860426875 0.6340229875000001 0.1510673234375
0 0.6896551718749999 0.147783253125 0.6657471265625 0.1469622328125 0.6648275859375 0.25944170781250003 0.6721839078125 0.3563218375 0.6993103453125 0.355500821875 0.6951724140625 0.2545156 0.6942528734375 0.1765188828125 0.6896551718749999 0.147783253125
0 0.6974712640625 0.1888341546875 0.7029885046875 0.3587848921875 0.7379310343750001 0.3596059125 0.7291954031250001 0.26272578125 0.72873563125 0.139573071875 0.6965517234374999 0.1436781625 0.6974712640625 0.1888341546875
0 0.7342528734375 0.2651888328125 0.7439080453125 0.3563218375 0.76643678125 0.3563218375 0.7618390796875001 0.26272578125 0.75770115 0.1403940875 0.7319540234375 0.1436781625 0.7342528734375 0.2651888328125
0 0.7650574703124999 0.2619047625 0.7705747125 0.3530377671875 0.800919540625 0.35221674687500004 0.7940229875 0.2619047625 0.7949425296875 0.1428571421875 0.7618390796875001 0.1436781625 0.7650574703124999 0.2619047625
0 0.7981609203125 0.2561576359375 0.8068965515625001 0.3497536953125 0.8326436781250001 0.35139573125 0.8266666671875 0.26108374218749997 0.8289655171874999 0.1428571421875 0.7972413781250001 0.1428571421875 0.7981609203125 0.2561576359375
0 0.8294252875 0.2561576359375 0.8386206890624999 0.3530377671875 0.8680459765625 0.35139573125 0.858850575 0.2561576359375 0.8602298859375 0.139573071875 0.8340229875 0.1420361234375 0.8294252875 0.2561576359375
0 0.8625287359374999 0.2561576359375 0.87126436875 0.3489326765625 0.8983908046875 0.34482758593749996 0.8914942531250001 0.2528735640625 0.8937931046875001 0.138752053125 0.8643678156249999 0.138752053125 0.8625287359374999 0.2561576359375
0 0.8942528734374999 0.2553366171875 0.9043678156249999 0.3505747125 0.9319540234374999 0.34646962187499997 0.92413793125 0.26108374218749997 0.9259770125 0.1420361234375 0.8983908046875 0.1403940875 0.8942528734374999 0.2553366171875
0 0.9273563218750001 0.266830871875 0.9374712640625 0.3489326765625 0.9944827593750001 0.3415435140625 0.9963218390625 0.169129721875 0.9691954031250001 0.11658456406249999 0.922758621875 0.11576354687499998 0.9273563218750001 0.266830871875
0 0.52044444375 0.39126984062500003 0.528 0.5865079359375 0.5671111109375 0.5896825406249999 0.5666666671875 0.48650793593749997 0.5666666671875 0.390476190625 0.52044444375 0.39126984062500003
0 0.5693333328125 0.479365078125 0.57244444375 0.5928571421875 0.6031111109375 0.5928571421875 0.59955555625 0.48174603125 0.5973333328125 0.3960317453125 0.5671111109375 0.3960317453125 0.5693333328125 0.479365078125
0 0.6026666671875 0.5888888875 0.6324444437500001 0.5857142859375 0.6311111109375 0.47142857187500004 0.6328888890625 0.3857142859375 0.5982222234375 0.3841269828125 0.6022222234375 0.479365078125 0.6026666671875 0.5888888875
0 0.6337777765625 0.5928571421875 0.6688888890625 0.598412696875 0.6657777765625 0.46904761875 0.6671111109375001 0.38492063593750003 0.6351111109375001 0.38333333281250004 0.636 0.4753968265625 0.6337777765625 0.5928571421875
0 0.6702222234375 0.46904761875 0.67244444375 0.5865079359375 0.7 0.5865079359375 0.6968888890625 0.4753968265625 0.6986666671874999 0.38492063593750003 0.6697777765625 0.3857142859375 0.6702222234375 0.46904761875
0 0.6991111109375 0.478571428125 0.7031111109375 0.5880952374999999 0.7346666671875 0.5833333328125 0.73155555625 0.479365078125 0.7324444437500001 0.38174603125 0.70044444375 0.378571428125 0.6991111109375 0.478571428125
0 0.7333333328125 0.4761904765625 0.7377777765625 0.5873015875 0.768 0.5825396828125 0.7631111109375001 0.48650793593749997 0.7626666671875 0.3880952375 0.7342222234375 0.38174603125 0.7333333328125 0.4761904765625
0 0.7711111109375001 0.5880952374999999 0.8017777765625 0.58015873125 0.79555555625 0.4761904765625 0.80044444375 0.38333333281250004 0.7666666671875 0.38015873125 0.7657777765625 0.47222222187499996 0.7711111109375001 0.5880952374999999
0 0.8057777765624999 0.5865079359375 0.8311111109375 0.5896825406249999 0.8288888890624999 0.46984126875000004 0.8266666671875 0.38492063593750003 0.8031111109375001 0.38095238125 0.7982222234374999 0.477777778125 0.8057777765624999 0.5865079359375
0 0.83244444375 0.48253968281250004 0.8351111109374999 0.5936507921875 0.8631111109375 0.5873015875 0.8608888890624999 0.4753968265625 0.8653333328124999 0.3841269828125 0.83155555625 0.3841269828125 0.83244444375 0.48253968281250004
0 0.8653333328124999 0.479365078125 0.8675555562499999 0.5873015875 0.8964444437499999 0.5849206359375 0.8946666671875001 0.4746031734375 0.8960000000000001 0.37936507812500003 0.868 0.378571428125 0.8653333328124999 0.479365078125
0 0.8977777765624999 0.4674603171875 0.90044444375 0.5849206359375 0.9306666671875 0.58174603125 0.9262222234375 0.470634921875 0.9279999999999999 0.3769841265625 0.8991111109375 0.37619047656250004 0.8977777765624999 0.4674603171875
0 0.9773333328125 0.503174603125 0.9946666671875001 0.503174603125 0.9951111109375 0.38174603125 0.9288888890625 0.377777778125 0.9279999999999999 0.6023809531250001 0.9733333328124999 0.5960317453124999 0.9786666671875001 0.5769841265625 0.9773333328125 0.503174603125
0 0.4070400890625 0.7857142859375 0.40755555625 0.9444444453124999 0.45599999999999996 0.9460317453125 0.45466666718750004 0.7396825406249999 0.41770675625000003 0.741269840625 0.4168178671875 0.7865079359375 0.4070400890625 0.7857142859375
0 0.08577777656249999 0.759523809375 0.08444444375 0.8007936499999999 0.0697777765625 0.802380953125 0.0706666671875 0.9428571421875 0.10800000000000001 0.941269840625 0.1066666671875 0.9015873031250001 0.11422222343749999 0.90079365 0.1173333328125 0.7611111125 0.08577777656249999 0.759523809375
0 0.15555555625 0.9388888874999999 0.15644444375 0.890476190625 0.1617777765625 0.8880952375 0.1617777765625 0.8007936499999999 0.1493333328125 0.7992063500000001 0.14755555625 0.7658730171875 0.1186666671875 0.758730159375 0.11555555625 0.903174603125 0.1186666671875 0.903174603125 0.11777777656249999 0.939682540625 0.15555555625 0.9388888874999999
0 0.19155555625 0.7952380953125 0.1813333328125 0.7960317453125 0.1808888890625 0.939682540625 0.2288888890625 0.9388888874999999 0.2311111109375 0.75079365 0.1942222234375 0.753174603125 0.19155555625 0.7952380953125
0 0.2946666671875 0.978571428125 0.2906666671875 0.797619046875 0.26355555625 0.7960317453125 0.26355555625 0.7523809531250001 0.23333333281250002 0.753174603125 0.22799999999999998 0.9849206359375 0.2946666671875 0.978571428125
0 0.3026666671875 0.7849206359374999 0.2942222234375 0.7849206359374999 0.2991111109375 0.9452380953124999 0.3413333328125 0.9460317453125 0.3462222234375 0.7452380953125 0.304 0.7452380953125 0.3026666671875 0.7849206359374999
0 0.348 0.7444444453125 0.3431111109375 0.9460317453125 0.3951111109375 0.9460317453125 0.3897777765625 0.7841269828125 0.3826666671875 0.78015873125 0.3742222234375 0.7428571421875 0.348 0.7444444453125
0 0.49377777656250005 0.7825396828125 0.49155555624999997 0.746825396875 0.45688888906249997 0.7396825406249999 0.4573333328125 0.948412696875 0.50844444375 0.9436507921875 0.50444444375 0.7849206359374999 0.49377777656250005 0.7825396828125
0 0.5133333328125 0.78095238125 0.5057777765625 0.9817460312499999 0.5733333328125 0.978571428125 0.5711111109375 0.7444444453125 0.5373333328125 0.7420634921875 0.5355555562500001 0.7857142859375 0.5133333328125 0.78095238125
0 0.6293333328124999 0.8698412687499999 0.61955555625 0.78015873125 0.6057777765625 0.7825396828125 0.6022222234375 0.7452380953125 0.5742222234375001 0.7444444453125 0.5768888890625 0.9341269828125001 0.6142222234375 0.93015873125 0.6168888890625001 0.872222221875 0.6293333328124999 0.8698412687499999
0 0.6502222234375 0.7825396828125 0.64 0.777777778125 0.64 0.9357142859375 0.6888888890625 0.9357142859375 0.68755555625 0.746825396875 0.6528888890625 0.751587303125 0.6502222234375 0.7825396828125
0 0.7413333328125 0.9015873031250001 0.73955555625 0.7880952375 0.7337777765625 0.7880952375 0.72044444375 0.7428571421875 0.68844444375 0.7420634921875 0.6862222234375001 0.9825396828124999 0.7471111109375 0.9841269828125 0.7453333328125 0.9055555546875 0.7413333328125 0.9015873031250001
0 0.7533333328125 0.953174603125 0.8048888890624999 0.947619046875 0.8026666671875 0.7388888875 0.7617777765625 0.7420634921875 0.7608888890625 0.779365078125 0.7528888890625 0.7865079359375 0.7533333328125 0.953174603125
0 0.84755555625 0.8452380953124999 0.8457777765625 0.7912698406249999 0.836 0.7833333328125 0.8306666671875 0.741269840625 0.8048888890624999 0.746825396875 0.8035555562500001 0.991269840625 0.8648888890625 0.9880952375 0.8622222234375 0.8484126968749999 0.84755555625 0.8452380953124999
0 0.8857777765625 0.75 0.8848888890625 0.7865079359375 0.8720000000000001 0.790476190625 0.8697777765625 0.8428571421875001 0.8662222234374999 0.8428571421875001 0.8697777765625 0.9857142859374999 0.9231111109375 0.9865079359375001 0.9191111109375001 0.7436507921875 0.8857777765625 0.75
0 0.9648888890625 0.8888888875 0.9631111109375 0.7849206359374999 0.9493333328125001 0.7825396828125 0.9502222234375 0.7420634921875 0.9226666671875 0.7436507921875 0.9266666671875001 0.979365078125 0.9773333328125 0.979365078125 0.9684444437499999 0.909523809375 0.9648888890625 0.8888888875