0 0.06875 0.06797020468750001 0.1678571421875 0.07635009375 0.2147321421875 0.06750465624999999 0.2075892859375 0.011638734375 0.1647321421875 0.0186219734375 0.11785714218750001 0.020484171875000002 0.0669642859375 0.0162942265625 0.06875 0.06797020468750001
0 0.058482142187499996 0.0949720671875 0.077678571875 0.117783984375 0.1732142859375 0.1154562390625 0.2294642859375 0.10242085625 0.2227678578125 0.0591247671875 0.16696428593749998 0.0796089390625 0.059375 0.0628491625 0.058482142187499996 0.0949720671875
0 0.09642857187500001 0.1154562390625 0.0982142859375 0.1508379890625 0.1696428578125 0.1554934828125 0.2142857140625 0.14897579218749998 0.21294642812500003 0.11126629375 0.16696428593749998 0.11638733750000001 0.11160714218750001 0.11731843593749999 0.09642857187500001 0.1154562390625
0 0.1 0.1792364984375 0.119196428125 0.17783985156249998 0.11651785781249999 0.195996275 0.1732142859375 0.195996275 0.21517857187499997 0.19273742968750002 0.2169642859375 0.154096834375 0.16741071406250002 0.158752328125 0.099553571875 0.1550279328125 0.1 0.1792364984375
0 0.1017857140625 0.23696461875 0.174553571875 0.2397579140625 0.2209821421875 0.23696461875 0.219196428125 0.193668528125 0.17098214218750002 0.19925512031249998 0.102678571875 0.194599628125 0.1017857140625 0.23696461875
0 0.1 0.261173184375 0.11964285781249999 0.2602420859375 0.116071428125 0.2779329609375 0.221875 0.27700186250000003 0.2241071421875 0.2411545625 0.17098214218750002 0.2416201125 0.1017857140625 0.23789571718750002 0.1 0.261173184375
0 0.105803571875 0.30959031718749996 0.10446428593749998 0.35242085625 0.1736607140625 0.3482309125 0.22678571406249998 0.3398510234375 0.22008928593750002 0.2844506515625 0.11964285781249999 0.2858473 0.119196428125 0.305865921875 0.105803571875 0.30959031718749996
0 0.1 0.3766294234375 0.1209821421875 0.37988826875 0.12589285781249998 0.3933892 0.1736607140625 0.3933892 0.2241071421875 0.3891992546875 0.2241071421875 0.3431098703125 0.162946428125 0.3486964625 0.10223214218750001 0.3519553078125 0.1 0.3766294234375
0 0.10714285781249999 0.4283054 0.1758928578125 0.43249534375 0.22767857187499999 0.42737430156249995 0.2236607140625 0.3924581 0.174553571875 0.39757914375 0.103125 0.39478584687499996 0.10714285781249999 0.4283054
0 0.1102678578125 0.45810055937499994 0.11964285781249999 0.4567039109375 0.121875 0.4716014890625 0.18125 0.47811918125 0.2258928578125 0.46554934843750007 0.2232142859375 0.43249534375 0.17276785781249998 0.4338919921875 0.10625 0.4320297953125 0.1102678578125 0.45810055937499994
0 0.1125 0.5083798875000001 0.180803571875 0.515363128125 0.22455357187499997 0.510707634375 0.225 0.4725325890625 0.1772321421875 0.480446928125 0.1084821421875 0.4716014890625 0.1125 0.5083798875000001
0 0.11205357187500001 0.5363128484375 0.128571428125 0.537709496875 0.128571428125 0.54934823125 0.178125 0.555400371875 0.225 0.5484171328125 0.22767857187499999 0.5125698328125 0.18125 0.5167597765624999 0.112946428125 0.511173184375 0.11205357187500001 0.5363128484375
0 0.108928571875 0.5982309124999999 0.181696428125 0.600093109375 0.2272321421875 0.588919925 0.22857142812500003 0.5498137796875 0.1772321421875 0.556331471875 0.10669642812499999 0.5549348234375 0.108928571875 0.5982309124999999
0 0.11071428593749999 0.618715084375 0.12946428593749998 0.6233705765625001 0.13125 0.6331471140625 0.18125 0.6410614531250001 0.2303571421875 0.6368715078125 0.2294642859375 0.5945065171875 0.177678571875 0.5991620109375 0.1084821421875 0.6014897578125 0.11071428593749999 0.618715084375
0 0.109375 0.6820297953125001 0.177678571875 0.68342644375 0.2294642859375 0.67411545625 0.22857142812500003 0.6378026078125 0.1772321421875 0.6438547484375 0.1102678578125 0.6368715078125 0.109375 0.6820297953125001
0 0.11116071406250001 0.7043761640625 0.12946428593749998 0.7043761640625 0.130803571875 0.7150837984375 0.1861607140625 0.7243947859375 0.23348214218750002 0.7197392921875 0.23080357187499997 0.6783054 0.178125 0.685754190625 0.108928571875 0.6866852890625 0.11116071406250001 0.7043761640625
0 0.1169642859375 0.7621042828125 0.1857142859375 0.7621042828125 0.23125 0.7579143390625 0.23303571406249998 0.7229981375000001 0.181696428125 0.72718808125 0.11205357187500001 0.7206703906249999 0.1169642859375 0.7621042828125
0 0.11473214218750001 0.787709496875 0.1325892859375 0.7867783984375001 0.134375 0.805400371875 0.20446428593750002 0.8091247671874999 0.2294642859375 0.7942271875 0.2299107140625 0.7621042828125 0.18258928593749998 0.7686219734375 0.11651785781249999 0.7644320296875 0.11473214218750001 0.787709496875
0 0.30357142812500004 0.0949720671875 0.38169642812500004 0.0898510234375 0.3834821421875 0.03072625625 0.2388392859375 0.033985103125 0.2392857140625 0.0879888265625 0.30357142812500004 0.0949720671875
0 0.2455357140625 0.1517690875 0.3875 0.145251396875 0.38080357187499997 0.0921787703125 0.30133928593750003 0.095437615625 0.24241071406249998 0.091247671875 0.2455357140625 0.1517690875
0 0.30848214218750003 0.23277467343749997 0.3763392859375 0.2262569828125 0.384375 0.211824953125 0.3834821421875 0.162476721875 0.24241071406249998 0.16480446875000002 0.24642857187499997 0.22998137812500002 0.30848214218750003 0.23277467343749997
0 0.24866071406249998 0.2849162015625 0.3924107140625 0.2737430171875 0.384375 0.22858472968750002 0.30580357187499996 0.23417132187499998 0.246875 0.22998137812500002 0.24866071406249998 0.2849162015625
0 0.3147321421875 0.3673184359375 0.390625 0.3538175046875 0.384375 0.2937616390625 0.234375 0.2984171328125 0.2361607140625 0.35940409687499997 0.3147321421875 0.3673184359375
0 0.252678571875 0.41480446875 0.39642857187499997 0.408286778125 0.3915178578125 0.35707635 0.3107142859375 0.37011173125 0.24866071406249998 0.36033519531249997 0.252678571875 0.41480446875
0 0.3205357140625 0.49581005625 0.39508928593750003 0.48603352031249997 0.390625 0.41713221562499997 0.250446428125 0.42504655468749997 0.2517857140625 0.4925512109375 0.3205357140625 0.49581005625
0 0.25580357187499997 0.542364990625 0.3955357140625 0.5349162015625 0.394196428125 0.489292365625 0.3147321421875 0.497672253125 0.25401785781249997 0.493016759375 0.25580357187499997 0.542364990625
0 0.32410714218750003 0.6284916203125 0.40089285781250006 0.6149906890625 0.39508928593750003 0.5544692734375001 0.2575892859375 0.5633147109375 0.259375 0.622905028125 0.32410714218750003 0.6284916203125
0 0.262053571875 0.6750465546875 0.4049107140625 0.671787709375 0.402678571875 0.6163873375 0.31696428593750003 0.631284915625 0.2575892859375 0.6261638734375 0.262053571875 0.6750465546875
0 0.327678571875 0.7588454375 0.402678571875 0.7439478578125 0.400446428125 0.685288640625 0.2607142859375 0.6913407828125 0.262946428125 0.7537243953125 0.327678571875 0.7588454375
0 0.27008928593750003 0.8109869640625 0.40580357187500005 0.805400371875 0.40357142812499996 0.7462756046875 0.3267857140625 0.7621042828125 0.266071428125 0.7555865921875 0.27008928593750003 0.8109869640625
0 0.296428571875 0.82122905 0.296428571875 0.845437615625 0.27455357187499996 0.8496275609374999 0.2758928578125 0.9366852890624999 0.4303571421875 0.9338919921875 0.43794642812499995 0.8249534453124999 0.33973214218750003 0.8333333328125001 0.330803571875 0.8230912484375 0.296428571875 0.82122905
0 0.534821428125 0.9669459968749999 0.5977678578125001 0.9716014890625001 0.6053571421874999 0.88873370625 0.6040178578125001 0.8081936687500001 0.5415178578125001 0.805865921875 0.534821428125 0.9669459968749999
0 0.6026785718750001 0.9636871515625 0.6491071421875 0.9669459968749999 0.6540178578125 0.8161080078125 0.605803571875 0.8077281187500001 0.6080357140625 0.8943202984375 0.6026785718750001 0.9636871515625
0 0.7236607140625 0.9636871515625 0.734375 0.9022346375 0.731696428125 0.8761638734374999 0.7303571421874999 0.8091247671874999 0.6772321421874999 0.8049348234375 0.665625 0.9576350093749999 0.7236607140625 0.9636871515625
0 0.7299107140625 0.9641527 0.778571428125 0.9664804468750001 0.7821428578125 0.8109869640625 0.7375 0.810521415625 0.7383928578125001 0.9008379890624999 0.7299107140625 0.9641527
0 0.8553571421875 0.8202979515625 0.793303571875 0.8179702046875 0.7883928578125 0.9702048421875 0.8482142859374999 0.9716014890625001 0.8553571421875 0.8202979515625
0 0.880803571875 0.975325884375 0.8830357140625 0.9613594046875 0.909375 0.9618249531249999 0.9151785718750001 0.8277467406250001 0.859375 0.8207635015625 0.8526785718750001 0.9729981375 0.880803571875 0.975325884375
0 0.740178571875 0.731843575 0.8035714281249999 0.7327746734375 0.8107142859375 0.6522346375 0.8111607140625001 0.58519553125 0.7459821421874999 0.5833333328125 0.740178571875 0.731843575
0 0.812946428125 0.5856610796874999 0.815625 0.6536312843750001 0.8080357140625001 0.7351024203125001 0.8660714281249999 0.734636871875 0.8709821421875 0.70949720625 0.8991071421875001 0.7136871515625 0.8982142859375 0.589385475 0.812946428125 0.5856610796874999
0 0.737053571875 0.6955307265624999 0.7200892859375 0.6950651765625 0.7272321421875 0.5837988828125 0.662053571875 0.5800744875 0.6678571421874999 0.6489757921875 0.6629464281249999 0.6997206703125001 0.671428571875 0.7188081937499999 0.706696428125 0.7202048421875 0.709375 0.734636871875 0.7428571421875 0.7364990687499999 0.737053571875 0.6955307265624999
0 0.6669642859375 0.6503724390625 0.6584821421875 0.57122905 0.6133928578125001 0.5661080078125 0.6004464281249999 0.7332402234375001 0.6625 0.738361265625 0.668303571875 0.7229981375000001 0.6602678578125001 0.711824953125 0.6669642859375 0.6503724390625
0 0.6790178578125 0.5186219734375 0.6763392859375 0.45810055937499994 0.677678571875 0.4320297953125 0.6205357140625 0.4283054 0.6111607140624999 0.5633147109375 0.6700892859375001 0.5702979515625 0.6790178578125 0.5186219734375
0 0.6727678578125 0.565176909375 0.7272321421875 0.5698324015625 0.7294642859375 0.430633146875 0.677678571875 0.43016759843749997 0.683928571875 0.5125698328125 0.6727678578125 0.565176909375
0 0.746428571875 0.5861266296875 0.8125 0.5856610796874999 0.8138392859374999 0.519553071875 0.8133928578124999 0.4385474859375 0.7584821421875 0.4338919921875 0.746428571875 0.5861266296875
0 0.818303571875 0.582402234375 0.869196428125 0.586592178125 0.8705357140625001 0.43249534375 0.815625 0.42877095 0.8174107140625001 0.520018621875 0.818303571875 0.582402234375
0 0.5790178578125 0.466480446875 0.5732142859375 0.4515828671875 0.53125 0.45251396718750003 0.521875 0.46042830468749996 0.494196428125 0.466945996875 0.4924107140625 0.5297951578125 0.51875 0.5311918062500001 0.5138392859375001 0.5744878953125 0.565178571875 0.5828677843750001 0.6 0.5777467406250001 0.6008928578125 0.466014896875 0.5790178578125 0.466480446875
0 0.515625 0.609869646875 0.484375 0.6154562390625 0.4794642859375 0.6685288640625 0.5133928578125 0.67411545625 0.5116071421874999 0.6843575421875 0.562946428125 0.6880819359375 0.5669642859375 0.6792364984375 0.590178571875 0.6769087515625001 0.6022321421875 0.5786778406249999 0.5625 0.587057728125 0.5138392859375001 0.5772811921875001 0.515625 0.609869646875
0 0.730803571875 0.18901303593750002 0.7276785718750001 0.3379888265625 0.780803571875 0.3379888265625 0.797321428125 0.2602420859375 0.7982142859375 0.185754190625 0.730803571875 0.18901303593750002
0 0.7857142859375 0.338919925 0.843303571875 0.33426443125 0.8486607140625001 0.1880819359375 0.8 0.1862197390625 0.8008928578125 0.2597765359375 0.7857142859375 0.338919925
0 0.706696428125 0.337057728125 0.7098214281249999 0.19040968281249998 0.6491071421875 0.1880819359375 0.6522321421874999 0.251862196875 0.6415178578125 0.328212290625 0.706696428125 0.337057728125
0 0.6450892859375 0.185288640625 0.6026785718750001 0.18342644375 0.590178571875 0.3314711359375 0.6339285718750001 0.332867784375 0.6495535718750001 0.2537243953125 0.6450892859375 0.185288640625
0 0.800446428125 0.19227188125 0.8526785718750001 0.185754190625 0.8553571421875 0.04003724375 0.800446428125 0.04888268125 0.8017857140625001 0.13221601562500002 0.800446428125 0.19227188125
0 0.7991071421875 0.1303538171875 0.7959821421875 0.06983240156250001 0.809375 0.018156425 0.747321428125 0.0172253265625 0.7352678578125 0.19087523281250002 0.79375 0.1913407828125 0.7991071421875 0.1303538171875
0 0.715625 0.180633146875 0.7174107140625 0.04003724375 0.666071428125 0.0442271875 0.669196428125 0.13175046562499998 0.6633928578125 0.17970204843749998 0.715625 0.180633146875
0 0.5830357140625 0.1876163875 0.6607142859375 0.19273742968750002 0.665625 0.127560521875 0.6633928578125 0.069366853125 0.669196428125 0.015363128125 0.6075892859375001 0.0148975796875 0.6004464281249999 0.0977653625 0.5830357140625 0.10102420781250002 0.5830357140625 0.1876163875
0 0.5602678578125 0.07588454375 0.5584821421874999 0.0628491625 0.5102678578125001 0.055865921875 0.5102678578125001 0.0726256984375 0.4803571421875 0.0749534453125 0.47901785781250006 0.1424581 0.503571428125 0.140595903125 0.5 0.181098696875 0.5513392859375 0.19553072656249998 0.5866071421875 0.19227188125 0.5875 0.0730912484375 0.5602678578125 0.07588454375
0 0.49910714218749996 0.21927374375 0.478125 0.2216014890625 0.46919642812499995 0.27979515781250003 0.49732142812499996 0.2863128484375 0.49776785781250005 0.2960893859375 0.550446428125 0.30027932968750004 0.5571428578125001 0.292364990625 0.5803571421875 0.29143389218750004 0.5852678578125 0.195996275 0.55 0.198789571875 0.5013392859375 0.1862197390625 0.49910714218749996 0.21927374375