0 0.0772311203125 0.135448915625 0.0772311203125 0.198916409375 0.1287185359375 0.1981424140625 0.131578946875 0.138544890625 0.1301487421875 0.0936532515625 0.0750858125 0.0959752328125 0.0772311203125 0.135448915625
0 0.134439359375 0.14783281718750002 0.12442791718749999 0.2043343640625 0.11799199062500002 0.2383900921875 0.18020595 0.23684210625 0.179490846875 0.05185758593749999 0.12085240156249999 0.0487616109375 0.13086384375 0.09133126875 0.134439359375 0.14783281718750002
0 0.25100114375000004 0.0727554171875 0.20737986249999998 0.07120743125 0.2038043484375 0.2554179578125 0.2488558359375 0.2546439625 0.2624427921875 0.13777089843749998 0.25100114375000004 0.0727554171875
0 0.27173912968749997 0.0719814234375 0.25457665937499996 0.0727554171875 0.265303203125 0.135448915625 0.25386155625 0.22755417968749997 0.29605263125 0.2260061921875 0.293907321875 0.07739938125 0.27173912968749997 0.08049535625000001 0.27173912968749997 0.0719814234375
0 0.3153604109375 0.126934984375 0.3125 0.2515479875 0.382580090625 0.25386996875 0.3847254015625 0.1400928796875 0.3768592671875 0.07120743125 0.325371853125 0.0696594421875 0.32823226562499996 0.123839009375 0.3153604109375 0.126934984375
0 0.431922196875 0.24922600625000002 0.42691647499999996 0.0719814234375 0.3797196796875 0.07120743125 0.386870709375 0.138544890625 0.3897311203125 0.2515479875 0.431922196875 0.24922600625000002
0 0.45337528593750004 0.0688854484375 0.4548054921875 0.12151702812500001 0.43835812343749997 0.12151702812500001 0.43978832968750003 0.209752321875 0.507008009375 0.2113003109375 0.5077231125 0.138544890625 0.501287184375 0.0688854484375 0.45337528593750004 0.0688854484375
0 0.5484839828125 0.1532507734375 0.5577803203125 0.1462848296875 0.5577803203125 0.119195046875 0.5484839828125 0.119195046875 0.5477688796875 0.0982972125 0.5048627 0.0928792578125 0.5112986265624999 0.138544890625 0.5112986265624999 0.19427244531250001 0.55134439375 0.19582043437500002 0.5484839828125 0.1532507734375
0 0.6271453078125 0.0688854484375 0.58137871875 0.0696594421875 0.5799485125 0.21671826562500002 0.630005721875 0.2174922609375 0.6342963390625 0.1393188859375 0.6271453078125 0.0688854484375
0 0.63715675 0.138544890625 0.6357265453125 0.2174922609375 0.6779176203125 0.21981424062500002 0.6743421046875 0.141640865625 0.6664759734375 0.0959752328125 0.6328661328125 0.09442724375 0.63715675 0.138544890625
0 0.7115274609375 0.141640865625 0.7079519453125 0.20278637812500003 0.7551487421874999 0.2043343640625 0.7601544625 0.138544890625 0.7522883296875 0.0928792578125 0.7093821515625 0.0959752328125 0.7115274609375 0.141640865625
0 0.7637299765625001 0.138544890625 0.7644450796875 0.205108359375 0.7944794046875 0.2043343640625 0.7980549203125 0.1447368421875 0.7951945078125 0.1021671828125 0.7551487421874999 0.1006191953125 0.7637299765625001 0.138544890625
0 0.9489416484375001 0.120743034375 0.9525171625000001 0.1052631578125 0.963958809375 0.09442724375 0.9632437062499999 0.0766253875 0.9031750578125 0.0603715171875 0.8767162468749999 0.054179565625 0.8159324953124999 0.0665634671875 0.8159324953124999 0.11222910156250002 0.9489416484375001 0.120743034375
0 0.92105263125 0.01315789375 0.8802917625 0.0108359125 0.8166475984374999 0.014705882812500001 0.8116418765625 0.0626934984375 0.8767162468749999 0.050309596874999994 0.9167620140625001 0.0619195046875 0.92105263125 0.01315789375
0 0.920337528125 0.1339009296875 0.8788615562500001 0.1339009296875 0.8266590390624999 0.135448915625 0.8173627 0.2004643953125 0.8938787187499999 0.20123838906249997 0.9167620140625001 0.19427244531250001 0.920337528125 0.1339009296875
0 0.2045194515625 0.26006191875 0.20094393593749998 0.3026315796875 0.2030892453125 0.369195046875 0.22382723124999998 0.36532507812500004 0.23240846718750002 0.38699690468750003 0.2602974828125 0.3877708984375 0.2617276890625 0.29876161093750003 0.253146453125 0.2585139328125 0.2045194515625 0.26006191875
0 0.313215103125 0.3622291015625 0.30820938125 0.25928792500000003 0.2552917625 0.25696594375 0.2645881 0.3057275546875 0.265303203125 0.36687306406250003 0.313215103125 0.3622291015625
0 0.3618421046875 0.42879256874999994 0.3639874140625 0.3924148609375 0.37757437031249996 0.3939628484375 0.3818649890625 0.3065015484375 0.3761441640625 0.25619195 0.3232265453125 0.2546439625 0.3232265453125 0.42801857656250003 0.3618421046875 0.42879256874999994
0 0.3797196796875 0.25309597500000003 0.38615560625 0.30882352968750004 0.3782894734375 0.3993808046875 0.3925915328125 0.4009287921875 0.396167046875 0.41795665625 0.44193363906250005 0.41408668750000005 0.434782609375 0.25232198125 0.3797196796875 0.25309597500000003
0 0.4412185359375 0.24613003125000002 0.44908466875 0.42414860781249997 0.49413615625 0.42492260000000004 0.5091533171875 0.40557275625000005 0.51844965625 0.372291021875 0.5592105265625 0.36532507812500004 0.5620709390624999 0.2654798765625 0.5120137296875 0.2654798765625 0.5134439359375 0.24303405625000002 0.4412185359375 0.24613003125000002
0 0.5706521734375001 0.3862229109375 0.598541190625 0.3862229109375 0.6006864984375 0.40247678125 0.654319221875 0.40247678125 0.655749428125 0.382352940625 0.695080090625 0.3839009296875 0.687213959375 0.24613003125000002 0.5706521734375001 0.2515479875 0.5706521734375001 0.3862229109375
0 0.695080090625 0.38854489062500003 0.7065217390625 0.3908668734375 0.7151029734375001 0.40789473750000005 0.7844679640625001 0.4047987625 0.813787184375 0.3839009296875 0.8216533171875 0.3622291015625 0.8116418765625 0.2314241484375 0.69865560625 0.2337461296875 0.695080090625 0.38854489062500003
0 0.8688501140625 0.370743034375 0.891733409375 0.373065015625 0.8910183078125 0.23684210625 0.83094965625 0.2329721375 0.8259439359374999 0.381578946875 0.8681350109375 0.380804953125 0.8688501140625 0.370743034375
0 0.2052345546875 0.527089784375 0.10154462187499999 0.527089784375 0.102259725 0.5859133125 0.1444508 0.5750774 0.21095537812499998 0.5874613 0.2052345546875 0.527089784375
0 0.21667620156249998 0.5874613 0.179490846875 0.5859133125 0.146596109375 0.5758513921875 0.10368993124999999 0.58823529375 0.0522025171875 0.5897832828125 0.0557780328125 0.6486068125 0.2138157890625 0.6470588234375 0.21667620156249998 0.5874613
0 0.2760297484375 0.58126935 0.330377575 0.5874613 0.325371853125 0.5201238390625 0.28318077812500003 0.5108359124999999 0.25243135 0.51315789375 0.21810640781249999 0.5232198140625 0.2159610984375 0.5913312687500001 0.2760297484375 0.58126935
0 0.32465675 0.59442724375 0.2760297484375 0.584365325 0.21882151093750002 0.5952012375 0.221681921875 0.6393188859375 0.325371853125 0.6331269359375 0.32465675 0.59442724375
0 0.20809496562500002 0.6772445828125 0.162328375 0.6609907125000001 0.11727688750000001 0.6609907125000001 0.07937643125 0.671826625 0.083667046875 0.6904024765625 0.0557780328125 0.7012383890625 0.0557780328125 0.7995356046875 0.223112128125 0.791021671875 0.22096681875000002 0.7608359124999999 0.210240275 0.7484520125 0.20809496562500002 0.6772445828125
0 0.22382723124999998 0.8606811140625 0.1701945078125 0.8482972125 0.15803775625 0.8482972125 0.0765160171875 0.8653250781249999 0.07294050468749999 0.8962848296875 0.0993993140625 0.8931888546875 0.0979691078125 0.9272445828125001 0.22382723124999998 0.9249226 0.22382723124999998 0.8606811140625
0 0.1423054921875 0.790247678125 0.10583524062500001 0.807275540625 0.06936498906250001 0.8126934984374999 0.078661328125 0.8660990703125 0.1680492 0.8459752328125001 0.224542334375 0.8583591343749999 0.22025171562499998 0.801083590625 0.1987986265625 0.792569659375 0.1423054921875 0.790247678125
0 0.3239416484375 0.7205882359375 0.3217963390625 0.6571207421875 0.2610125859375 0.6532507734374999 0.22382723124999998 0.6602167171875 0.22239702656250002 0.7236842109375 0.2796052640625 0.715944271875 0.3239416484375 0.7205882359375
0 0.32608695625 0.7739938078125 0.3239416484375 0.7252321984375001 0.2767448515625 0.715944271875 0.223112128125 0.7267801859375 0.22096681875000002 0.7755417953125 0.32608695625 0.7739938078125
0 0.352545765625 0.8537151703125 0.3518306625 0.787925696875 0.2266876421875 0.790247678125 0.22382723124999998 0.8568111453125 0.28246567499999997 0.8482972125 0.352545765625 0.8537151703125
0 0.3661327234375 0.8529411765624999 0.281750571875 0.8529411765624999 0.2252574375 0.8591331265625 0.22883295312500002 0.9109907125 0.29319222031250003 0.9109907125 0.29247711718749997 0.9233746125 0.3353832953125 0.9264705875000001 0.3368135015625 0.9032507734375 0.3675629296875 0.8986068125 0.3661327234375 0.8529411765624999
0 0.576372996875 0.7391640875000001 0.5284610984375 0.7360681125 0.523455378125 0.722910215625 0.4691075515625 0.7267801859375 0.46982265468750006 0.7546439625 0.4512299765625 0.7747678015624999 0.457665903125 0.83126935 0.47053775625 0.83126935 0.466247140625 0.8684210531250001 0.5441933640625 0.869195046875 0.5499141875 0.84133126875 0.580663615625 0.8436532515625 0.576372996875 0.7391640875000001
0 0.6886441640625 0.719814240625 0.61141304375 0.719040246875 0.5870995421874999 0.7476780187500001 0.5863844390625 0.789473684375 0.5856693374999999 0.83204334375 0.577803203125 0.8544891640625 0.577803203125 0.9078947375 0.6006864984375 0.9171826624999999 0.6450228828125 0.9156346750000001 0.643592678125 0.8962848296875 0.6650457656250001 0.90557275625 0.68649885625 0.8846749218750001 0.7072368421874999 0.8660990703125 0.7058066359375 0.8258513921875 0.6922196796875 0.804179565625 0.6936498859375 0.7817337453125 0.7043764312499999 0.753095975 0.6886441640625 0.719814240625
0 0.920337528125 0.7043343640625 0.86384439375 0.7051083593749999 0.8330949656250001 0.7337461296875001 0.835240275 0.8955108359375 0.8795766593750001 0.8916408656250001 0.8845823796875001 0.9024767812500001 0.9217677343749999 0.9063467484375 0.9274885578125 0.8939628484375 0.9711098390625 0.8815789468749999 0.965389015625 0.796439628125 0.95394736875 0.7794117640625 0.9489416484375001 0.7360681125 0.92391304375 0.722910215625 0.920337528125 0.7043343640625
0 0.835955378125 0.665634675 0.9310640734375 0.6671826624999999 0.9303489703125001 0.590557275 0.909610984375 0.5859133125 0.8967391296875 0.5317337453125 0.8338100687500001 0.534829721875 0.835955378125 0.665634675
0 0.7058066359375 0.699690403125 0.7050915328125 0.7221362234375001 0.8252288328124999 0.7221362234375001 0.8252288328124999 0.6695046437500001 0.813787184375 0.66331269375 0.8166475984374999 0.5952012375 0.8259439359374999 0.58823529375 0.8245137296875 0.5085139328125 0.7644450796875 0.509287925 0.758009153125 0.533281734375 0.729405034375 0.5456656359375 0.7229691078125 0.5626934984374999 0.7236842109375 0.6060371515625 0.7058066359375 0.6099071203124999 0.7029462234375 0.6486068125 0.6886441640625 0.66331269375 0.6929347828125 0.6826625374999999 0.7058066359375 0.699690403125
0 0.6078375281249999 0.546439628125 0.579233409375 0.5495356046875 0.5842391296875 0.6904024765625 0.673627003125 0.6865325078125 0.6657608703125 0.536377709375 0.6106979406249999 0.536377709375 0.6078375281249999 0.546439628125
0 0.48984553750000004 0.5108359124999999 0.44264874218749994 0.5147058828125 0.44479404999999994 0.546439628125 0.42620137343750003 0.547987615625 0.4204805484375 0.626934984375 0.577803203125 0.6160990703125 0.5749427921875 0.5054179578125 0.49485125781250006 0.503095975 0.48984553750000004 0.5108359124999999
0 0.4555205953125 0.6834365328125 0.4555205953125 0.719040246875 0.5749427921875 0.708204334375 0.5727974828125 0.6168730640625 0.4412185359375 0.624613003125 0.43978832968750003 0.6803405578125 0.4555205953125 0.6834365328125