0 0.7360896078125 0.22352538125 0.8134586796875001 0.20222800937500002 0.8093139203125 0.1649576296875 0.8003336093750001 0.1436602578125 0.7761557671875 0.103727646875 0.699477425 0.1223628859375 0.729181653125 0.169217059375 0.7360896078125 0.22352538125
0 0.6476677640624999 0.20222800937500002 0.649740171875 0.243757859375 0.7347080375 0.2213956359375 0.729181653125 0.1681521875 0.6980958562499999 0.122895271875 0.61658196875 0.1409980875 0.6379966703125 0.180930659375 0.6476677640624999 0.20222800937500002
0 0.6272943921875 0.3658057875 0.6978519046875 0.3506178453125 0.7048440796875 0.3795239125 0.7938355484375 0.3648259171875 0.7868433718750001 0.320242003125 0.74997550625 0.261939946875 0.6033351703125 0.2946050984375 0.6222091453124999 0.34032925625 0.6272943921875 0.3658057875
0 0.7511491125 0.26093244531250004 0.787479015625 0.319752059375 0.79319990625 0.364335990625 0.8548583078125 0.3496379953125 0.8548583078125 0.36139638125 0.8713852859375001 0.3584567890625 0.864393109375 0.3079936734375 0.8542226156250001 0.277617803125 0.8300678171874999 0.2433224890625 0.7511491125 0.26093244531250004
0 0.5609773328125 0.22510559843750003 0.5335145234375 0.203567115625 0.485016171875 0.1782879578125 0.42607222968749997 0.22139206875 0.485815925 0.2592700578125 0.524360240625 0.2967767140625 0.524360240625 0.3038324265625 0.538814359375 0.318315196875 0.5995216484375 0.270410646875 0.5826585125 0.255185209375 0.585549328125 0.250357596875 0.5609773328125 0.22510559843750003
0 0.42607222968749997 0.314124065625 0.4814796828125 0.35571556875 0.5378507296875 0.31746621875000003 0.521951221875 0.3011267109375 0.5253238359375 0.298527209375 0.48677952031249994 0.26027785937500003 0.427999453125 0.22277122500000002 0.36514754374999997 0.2683136328125 0.42607222968749997 0.314124065625
0 0.48769193125 0.40845908125 0.46242254374999997 0.4678387203125 0.6066430140625 0.5034665046875 0.6266001546875 0.44058151875 0.48769193125 0.40845908125
0 0.567814409375 0.56332119375 0.5715124078125 0.5528703546875 0.5826062609375 0.5466948921875 0.6057956718749999 0.502911159375 0.4630388609375 0.46831378749999997 0.43838579062500005 0.532918809375 0.567814409375 0.56332119375
0 0.28861841718750003 0.42698551875 0.4254429375 0.4592880390625 0.447014375 0.3965831546875 0.3153034640625 0.3657859484375 0.28861841718750003 0.42698551875
0 0.32867965625 0.5039415703125 0.403255184375 0.518192665625 0.4223613046875 0.4588130453125 0.28833469218749996 0.42633474375 0.26643063906250003 0.48161478750000003 0.333610240625 0.4953908703125 0.32867965625 0.5039415703125
0 0.427840978125 0.580817834375 0.404197621875 0.6436274656250001 0.5405073375 0.675954103125 0.5654100390625 0.6143314953125001 0.5182259359375 0.6022090359375001 0.427840978125 0.580817834375
0 0.509430690625 0.7406335015625001 0.5391710093750001 0.6758929218749999 0.40407315625000007 0.64418950625 0.3760011859375 0.70563024375 0.509430690625 0.7406335015625001
0 0.2475186828125 0.5399856125 0.22196513750000002 0.601534203125 0.3473373140625 0.6316929984375 0.3725849625 0.5708432171875 0.2475186828125 0.5399856125
0 0.3202535828125 0.693746434375 0.34788865156250004 0.6313681890625 0.223091659375 0.600904996875 0.1919478171875 0.6653465890625 0.3202535828125 0.693746434375
0 0.1707259203125 0.8344802953125001 0.33972353125 0.8402909468749999 0.3390952953125 0.77637361875 0.18002173906250002 0.7685898984375 0.1707259203125 0.8344802953125001
0 0.3378387796875 0.9056609578125 0.33972353125 0.8412593953125 0.171381953125 0.8345451015625001 0.16946945156249998 0.9003345578124999 0.2373197609375 0.9046925281249999 0.2618212796875 0.9056609578125 0.3378387796875 0.9056609578125
0 0.4366412015625 0.7870264953125 0.4378977203125 0.77879473125 0.340250528125 0.775245928125 0.3405199203125 0.8393225187500001 0.46051448749999996 0.8485227312499999 0.5082610140625 0.8470700687500001 0.5114022328125001 0.7967109406249999 0.498209121875 0.7976793890625 0.500093871875 0.7826685062500001 0.46428394375000004 0.7826685062500001 0.4554885171875 0.7904160546875 0.4366412015625 0.7870264953125
0 0.4837594921875 0.9313247359375 0.483131259375 0.9109874140625 0.49632437031250004 0.91050318125 0.498209121875 0.9017871828124999 0.5051197937499999 0.9017871828124999 0.5083336671875001 0.8466469734375 0.4580015046875 0.8485227312499999 0.371303878125 0.8417436296874999 0.366906140625 0.9109874140625 0.393920646875 0.9085663015625001 0.3958053515625 0.9158296375000001 0.42093510624999997 0.9221245609375 0.43726948437499996 0.9167980859375 0.4378977203125 0.9347143140625 0.4837594921875 0.9313247359375
0 0.7717850046875 0.9136697125 0.8622157703125 0.9130840078125001 0.8766543062500001 0.8668125796874999 0.8614558609375 0.8070697328125 0.775439446875 0.8045262453124999 0.7816640171875 0.851584021875 0.7816640171875 0.874426859375 0.7717850046875 0.9136697125
0 0.8622157703125 0.9142554390625 0.9336484796875 0.91191261875 0.9465671359375 0.8703268796874999 0.947327046875 0.85099829375 0.9388498703125 0.8081858437499999 0.8614558609375 0.8058983218750001 0.8751344281250001 0.8685697171875001 0.8622157703125 0.9142554390625