0 0.16521958750000001 0.29461285312499996 0.17512038593749998 0.2967438703125 0.1788331859375 0.2184290609375 0.1120027921875 0.217363553125 0.10086439218750001 0.303136915625 0.1664571875 0.30366966875 0.16521958750000001 0.29461285312499996
0 0.23576278125 0.3068661921875 0.23823798125 0.22109282968750002 0.1813083859375 0.21896181406249998 0.1788331859375 0.30580068437499996 0.23576278125 0.3068661921875
0 0.2988803765625 0.3148574984375 0.3032119765625 0.23014964375 0.24318838125000003 0.223756596875 0.23947558125 0.3089972078125 0.2988803765625 0.3148574984375
0 0.3595227734375 0.318054021875 0.357047571875 0.23228065937500003 0.30630597656249997 0.2290841359375 0.3019743765625 0.3164557609375 0.3595227734375 0.318054021875
0 0.41707116875 0.3223160515625 0.4189275671875 0.2386737046875 0.361997971875 0.2328134125 0.363235571875 0.318586775 0.41707116875 0.3223160515625
0 0.4814263625 0.32284880625 0.4851391625 0.2413374734375 0.4232591671875 0.2386737046875 0.4189275671875 0.3191195296875 0.4814263625 0.32284880625
0 0.5420687578125001 0.3271108359375 0.5457815578125 0.24400124218750002 0.4882331625 0.2386737046875 0.4832827625 0.323381559375 0.5420687578125001 0.3271108359375
0 0.609517953125 0.3313728671875 0.6082803546875 0.2434684890625 0.5457815578125 0.23973921250000002 0.5470191578125 0.3281763453125 0.609517953125 0.3313728671875
0 0.1738827875 0.30526793125 0.1039583921875 0.303136915625 0.09405759218750001 0.3239143140625 0.1021019921875 0.3793207078125 0.1782143859375 0.3830499859375 0.1825459859375 0.3377659125 0.1738827875 0.30526793125
0 0.1856399859375 0.339896928125 0.18316478593750002 0.384648246875 0.23143118281250002 0.38677926406249996 0.23700038124999998 0.3345693890625 0.22957478125000003 0.31006271406249997 0.1782143859375 0.308464453125 0.1856399859375 0.339896928125
0 0.24195078125 0.33723315781249996 0.23576278125 0.387312015625 0.2945487765625 0.387312015625 0.30073677656250003 0.3414951890625 0.2964051765625 0.31592300624999997 0.23266878124999998 0.311128221875 0.24195078125 0.33723315781249996
0 0.3050683765625 0.34309345156250004 0.2994991765625 0.3878447703125 0.360141571875 0.390508540625 0.364473171875 0.3388314203125 0.3595227734375 0.318586775 0.30011797812499996 0.31752126718749996 0.3050683765625 0.34309345156250004
0 0.368804771875 0.342560696875 0.365091971875 0.38944303125 0.40283877031250004 0.39530332343749996 0.42140276875 0.3436262046875 0.41088316875 0.32178329843750003 0.363235571875 0.3196522828125 0.368804771875 0.342560696875
0 0.4232591671875 0.35055200468750003 0.40593276874999995 0.4043601375 0.4770947625 0.40862216875 0.4832827625 0.3510847578125 0.4770947625 0.3292418515625 0.41707116875 0.323381559375 0.4232591671875 0.35055200468750003
0 0.48699556250000003 0.35428128124999997 0.4814263625 0.40222912343750006 0.538355959375 0.403827384375 0.5464003578125001 0.3516175125 0.541449959375 0.3292418515625 0.4777135640625 0.326045328125 0.48699556250000003 0.35428128124999997
0 0.5513507578125 0.3537485265625 0.544543959375 0.4006308609375 0.6039487546875 0.4048928921875 0.625606753125 0.35321577187500003 0.607042753125 0.3297746046875 0.5451627578125 0.32764359062500004 0.5513507578125 0.3537485265625
0 0.6540715500000001 0.45657001093750005 0.6126119531249999 0.45230798125 0.5952855546875 0.43632536718750004 0.537118359375 0.432596090625 0.526598759375 0.4682905953125 0.5408311578125 0.51197640625 0.597141953125 0.5151729296875 0.6020923546875 0.49919031562500005 0.6602595499999999 0.50132133125 0.6658287484375001 0.47894567187500003 0.6540715500000001 0.45657001093750005
0 0.463481165625 0.43579261249999995 0.4640999640625 0.4661595796875 0.45914956562500003 0.5109109000000001 0.526598759375 0.5109109000000001 0.532786759375 0.49226451562499995 0.522267159375 0.46775784218750005 0.529073959375 0.4379236265625 0.463481165625 0.43579261249999995
0 0.40221996875 0.42993232031249995 0.40407636875 0.4592337796875 0.3966507703125 0.5098453921874999 0.4566743640625 0.5093126375 0.4610059640625 0.4682905953125 0.45853076406250004 0.43366159687500005 0.40221996875 0.42993232031249995
0 0.3446715734375 0.4682905953125 0.35836024375000003 0.4990687078125 0.368804771875 0.49972306875 0.3941755703125 0.49972306875 0.40160116874999996 0.45976653437500004 0.40098236875 0.42513753750000005 0.346527975 0.420342753125 0.3446715734375 0.45497175 0.3446715734375 0.4682905953125
0 0.34095877343750003 0.458168271875 0.34405277343749996 0.42460478281249997 0.28217277812499997 0.4182117359375 0.27845997968749997 0.49865756250000004 0.346527975 0.49972306875 0.34095877343750003 0.458168271875
0 0.275984778125 0.49972306875 0.27845997968749997 0.417678984375 0.219055184375 0.41501521406249997 0.22091158281249998 0.445914934375 0.215961184375 0.49599379218750006 0.275984778125 0.49972306875
0 0.2079167828125 0.49226451562499995 0.21781758281250002 0.450176965625 0.2122483828125 0.41501521406249997 0.16026918750000002 0.4096876765625 0.1497495890625 0.4421856578125 0.1516059875 0.486936978125 0.2079167828125 0.49226451562499995
0 0.605805153125 0.545539896875 0.5909539546875 0.5157056828125001 0.529692759375 0.514107421875 0.529692759375 0.5402123578125 0.529692759375 0.5689810640624999 0.517316759375 0.5860291859375 0.5185543609375001 0.6195926765624999 0.58043435625 0.62225644375 0.5903351546875 0.5807016484374999 0.6014735531250001 0.5759068640625 0.605805153125 0.545539896875
0 0.4647187640625 0.51197640625 0.451105165625 0.616396153125 0.5142227609375001 0.6206581828125 0.529073959375 0.51357466875 0.4647187640625 0.51197640625
0 0.40840796875 0.5098453921874999 0.3898439703125 0.6131996296875 0.449248765625 0.6153306453125 0.463481165625 0.511443653125 0.40840796875 0.5098453921874999
0 0.3477655734375 0.506116115625 0.332914375 0.6105358609375 0.3873687703125 0.6116013687499999 0.40717036875 0.507714375 0.3477655734375 0.506116115625
0 0.2858855765625 0.49972306875 0.2667027796875 0.6046755687500001 0.331057975 0.6078720921875 0.3452903734375 0.5055833609375 0.2858855765625 0.49972306875
0 0.2221491828125 0.4949282859375 0.2110107828125 0.6020118 0.2642275796875 0.6036100609374999 0.2827915796875 0.500255821875 0.2221491828125 0.4949282859375
0 0.1447991890625 0.5327538046875 0.1441803890625 0.59934803125 0.203585184375 0.6004135390625 0.2184363828125 0.5045178531250001 0.201109984375 0.50132133125 0.1930655859375 0.491199009375 0.15531878906250002 0.4906662546875 0.14541798749999998 0.5045178531250001 0.1367547890625 0.51890220625 0.1367547890625 0.5295572828124999 0.1447991890625 0.5327538046875
0 0.3050683765625 0.8556026109375001 0.2320499828125 0.8987556703124999 0.3025931765625 0.9797342484374999 0.358903971875 0.9483017734375 0.340339975 0.9190003140625 0.3471467734375 0.9062142234375001 0.3428151734375 0.8870350859375 0.3050683765625 0.8556026109375001
0 0.3551911734375 0.8252356453124999 0.3069247765625 0.851873334375 0.3483843734375 0.88650233125 0.3514783734375 0.9046159609375 0.3415775734375 0.9243278515625001 0.35828517187500003 0.944572496875 0.40717036875 0.914738284375 0.3873687703125 0.8902316078125001 0.3954131703125 0.8699869640625 0.3805619703125 0.8438820281250001 0.3551911734375 0.8252356453124999
0 0.40717036875 0.7980652 0.35828517187500003 0.8220391218750001 0.37994317031249997 0.8401527515625 0.3966507703125 0.8678559484375 0.39170036874999997 0.8907643625 0.40840796875 0.9120745140625001 0.4566743640625 0.8843713171875001 0.436872765625 0.8603973953124999 0.4418231671875 0.8390872421875001 0.4269719671875 0.812449553125 0.40717036875 0.7980652
0 0.41088316875 0.7911394015625001 0.4313035671875 0.812449553125 0.44615476562499995 0.8417510125 0.4418231671875 0.8625284109375 0.45481796562500004 0.8833058093749999 0.5049407609375 0.8508078265625001 0.48637676250000006 0.8257683984374999 0.4715255640625 0.7890083859375 0.43996676562500003 0.7714275109375001 0.41088316875 0.7911394015625001
0 0.5439251578125 0.7868773703125 0.5321679593749999 0.7501173578125 0.5030843609375 0.7357330046875 0.447392365625 0.7682309859374999 0.4758571625 0.7911394015625001 0.48885196249999996 0.8209736140624999 0.5439251578125 0.7868773703125
0 0.25680198125000003 0.795934184375 0.187496384375 0.8369562281249999 0.23390638125000002 0.8907643625 0.3044495765625 0.853471596875 0.280316378125 0.8156460750000001 0.25680198125000003 0.795934184375
0 0.28341037812500003 0.812449553125 0.3050683765625 0.85134058125 0.35271597187500003 0.82150636875 0.331057975 0.785279109375 0.2933111765625 0.7597069265624999 0.24690117968749997 0.7890083859375 0.28341037812500003 0.812449553125
0 0.332914375 0.782615340625 0.35333477343749997 0.8209736140624999 0.40593276874999995 0.7927376625 0.378086771875 0.753846634375 0.3428151734375 0.7277416984375 0.2945487765625 0.7581086640625 0.332914375 0.782615340625
0 0.39293796875 0.7080298078125 0.3514783734375 0.7298727125 0.3817995703125 0.7543793875 0.40778916875000004 0.79007389375 0.45419916562499996 0.7533138796875 0.44491716718749996 0.7202831453125 0.4207839671875 0.707497053125 0.40778916875000004 0.7133573453125 0.39293796875 0.7080298078125
0 0.773499940625 0.7325364828125001 0.7642179421875 0.7426588046875 0.72956514375 0.7399950359374999 0.7283275453125 0.7948686781250001 0.767930740625 0.795934184375 0.7778315390625 0.7868773703125 0.8112467375 0.7911394015625001 0.8421867359374999 0.7847463546875 0.8458995343750001 0.7181521281250001 0.8155783375000001 0.7122918375 0.782781940625 0.7170866218749999 0.773499940625 0.7325364828125001
0 0.73946594375 0.681924871875 0.73822834375 0.7357330046875 0.74874794375 0.7367985140625 0.7605051406250001 0.7208158984375 0.780306740625 0.719750390625 0.7852571390625 0.7144228515625 0.846518334375 0.7138900984375 0.8533251343750001 0.6749990703125001 0.8217663375 0.6595492109375 0.7809255390625001 0.6691387796875 0.781544340625 0.681924871875 0.73946594375 0.681924871875
0 0.7376095421875 0.6270512296875 0.73389674375 0.681924871875 0.779069140625 0.6813921171875 0.781544340625 0.6648767484375 0.8236227375 0.655819934375 0.8514687359374999 0.6696715328125 0.857037934375 0.6227891984375 0.8242415359375 0.6089375984375 0.7871135390624999 0.6153306453125 0.780306740625 0.626518475 0.7376095421875 0.6270512296875
0 0.7481291421875 0.5764396171875 0.7468915421875 0.626518475 0.7821631390625 0.6259857203125 0.7902075390625 0.6105358609375 0.8533251343750001 0.6116013687499999 0.8588943328124999 0.5657845421875 0.8316671359375001 0.54873641875 0.788969940625 0.5636535265625 0.7852571390625 0.5743086015625 0.7481291421875 0.5764396171875
0 0.8458995343750001 0.7868773703125 0.933769128125 0.7868773703125 0.936244328125 0.7181521281250001 0.8527063343749999 0.7133573453125 0.8458995343750001 0.7868773703125
0 0.9350067281250001 0.7165538687499999 0.935625528125 0.6739335640624999 0.9009727296875001 0.6643439953125 0.8527063343749999 0.6702042875 0.8527063343749999 0.7122918375 0.9350067281250001 0.7165538687499999
0 0.9028291312500001 0.6622129796875 0.937481928125 0.6718025484375 0.9387195281249999 0.6302477515625 0.9053043296875 0.616396153125 0.8582755343749999 0.626518475 0.852087534375 0.6696715328125 0.9028291312500001 0.6622129796875
0 0.8991163312499999 0.6158634000000001 0.9399571265625 0.6121341234375001 0.946763928125 0.5609897578124999 0.9077795312499999 0.5476709109375 0.8632259328125 0.5583259875000001 0.859513134375 0.6105358609375 0.8991163312499999 0.6158634000000001
0 0.7908263390625 0.47308537812499996 0.7499855421875 0.47361813281250004 0.7499855421875 0.5274262671875001 0.8607507343749999 0.529024528125 0.865701134375 0.4571027640625 0.8291919359375 0.45070971875000004 0.7970143390625 0.458168271875 0.7908263390625 0.47308537812499996
0 0.7580299421875 0.4224737671875 0.7549359421874999 0.46935610156249996 0.7864947390625 0.47148711875 0.8001083390625 0.45230798125 0.8316671359375001 0.4485787046875 0.864463534375 0.45337348750000006 0.8700327343750001 0.41714622968750004 0.8366175359374999 0.398499846875 0.7976331390625 0.40702390624999996 0.7945391390625 0.42194101406250006 0.7580299421875 0.4224737671875
0 0.762361540625 0.369731140625 0.7574111421875 0.42087550625 0.7908263390625 0.420342753125 0.7970143390625 0.4027618765625 0.8106279375 0.3990326 0.8397115359375 0.39477056875 0.865701134375 0.40222912343750006 0.8687951343750001 0.357477803125 0.840330334375 0.34735548125000004 0.8032023390624999 0.3553467890625 0.7982519375 0.369731140625 0.762361540625 0.369731140625
0 0.7642179421875 0.31592300624999997 0.7629803421875 0.3654691109375 0.7982519375 0.36866563281250003 0.8062963390625001 0.35001925 0.840330334375 0.3441589578125 0.8669387343749999 0.3510847578125 0.8675575328124999 0.3414951890625 0.8743643328124999 0.3367004046875 0.8786959328125 0.3068661921875 0.8471371359375001 0.29141633125 0.8081527375 0.2994076390625 0.8056775375 0.315390253125 0.7642179421875 0.31592300624999997
0 0.864463534375 0.5220987296875 0.949857928125 0.5247624984375 0.9529519265624999 0.458168271875 0.9133487296875 0.4512424734375 0.8712703328125 0.4544389953125 0.864463534375 0.5220987296875
0 0.9139675296875 0.44964421093749996 0.9560459265624999 0.45497175 0.9609963265625 0.406491153125 0.9139675296875 0.3990326 0.8737455328125 0.4048928921875 0.8675575328124999 0.45284073437499994 0.9139675296875 0.44964421093749996
0 0.915205128125 0.3958360765625 0.9560459265624999 0.4027618765625 0.9585211265625 0.3564122953125 0.918299128125 0.3478882359375 0.873126734375 0.35428128124999997 0.8725079328125 0.4043601375 0.915205128125 0.3958360765625
0 0.9170615296875001 0.3446917109375 0.9597587265625 0.3537485265625 0.9634715249999999 0.3068661921875 0.9251059296875 0.2876870546875 0.8817899328125 0.29834213125 0.8762207312499999 0.3537485265625 0.9170615296875001 0.3446917109375