0 0.1869854609375 0.1646631609375 0.1712208796875 0.16403706406250002 0.169031353125 0.13461056875 0.1204238921875 0.1302279 0.1182343671875 0.243551215625 0.118672271875 0.349987478125 0.1882991765625 0.3575006265625 0.19092660625 0.2379163546875 0.1869854609375 0.1646631609375
0 0.23865825937500001 0.129601803125 0.1988088984375 0.13461056875 0.19837099375 0.1565239171875 0.18786127187499999 0.1565239171875 0.194867753125 0.2454295015625 0.194867753125 0.3593789125 0.24610264375000002 0.3600050078125 0.2399719734375 0.24292511874999997 0.23865825937500001 0.129601803125
0 0.29295848593749996 0.157776109375 0.275442284375 0.1596543953125 0.2701874234375 0.133984471875 0.2404098796875 0.125219134375 0.24478892968750002 0.24104683124999998 0.2517954109375 0.3631354875 0.30171658749999997 0.3593789125 0.2898931515625 0.2310293015625 0.29295848593749996 0.157776109375
0 0.3437554734375 0.1270974203125 0.30434401875 0.1321061859375 0.305219828125 0.1565239171875 0.2990891578125 0.158402203125 0.29383429687499996 0.244177309375 0.3082851640625 0.36751815625 0.346820809375 0.3737791125 0.3428796640625 0.243551215625 0.3437554734375 0.1270974203125
0 0.392800840625 0.1571500125 0.3783499734375 0.1609065875 0.3770362578125 0.13523666406249998 0.3472587140625 0.126471325 0.34550709375 0.243551215625 0.3511998609375 0.370022540625 0.3958661765625 0.36063110468750004 0.3958661765625 0.23478587499999998 0.392800840625 0.1571500125
0 0.4041863734375 0.1358627609375 0.4002452265625 0.16215877812499999 0.397617796875 0.252316553125 0.39805570156250003 0.36563986875 0.44710106875 0.370022540625 0.4422841125 0.24981217031249997 0.44009458749999997 0.12208865625000001 0.4041863734375 0.1358627609375
0 0.49833596093750004 0.1558978203125 0.48125766406250003 0.1558978203125 0.4746890875 0.125845228125 0.44578735312499995 0.12271475000000001 0.44534944843749996 0.24480340625000002 0.4541075484375 0.361883296875 0.5018392015625001 0.3631354875 0.5000875812500001 0.2466816921875 0.49833596093750004 0.1558978203125
0 0.5018392015625001 0.243551215625 0.5053424421875 0.36939644375 0.5548257140625 0.36501377343749997 0.5491329484375 0.23228149375 0.5478192328125 0.1533934375 0.5014012953125 0.1552717265625 0.5018392015625001 0.243551215625
0 0.5592047640625 0.3631354875 0.6082501312499999 0.3612572 0.597740409375 0.2329075875 0.595988790625 0.14588029062500002 0.5478192328125 0.152141246875 0.5526361890625 0.24292511874999997 0.5592047640625 0.3631354875
0 0.6441583468750001 0.11081893281249999 0.614380803125 0.1189581765625 0.6086880359375 0.15088905625 0.6003678406249999 0.150262959375 0.5994920296874999 0.233533684375 0.6130670859375 0.3600050078125 0.65904711875 0.35311795625000003 0.6472236828125 0.22289005781250001 0.6441583468750001 0.11081893281249999
0 0.6980206703125 0.150262959375 0.685321421875 0.154019534375 0.685321421875 0.1270974203125 0.648537396875 0.113323315625 0.6520406375000001 0.2310293015625 0.6651777890624999 0.3568745296875 0.7094062 0.35311795625000003 0.6984585734375 0.223516153125 0.6980206703125 0.150262959375
0 0.7418111749999999 0.1164537953125 0.7133473453125 0.123340846875 0.7115957265625 0.14525419374999998 0.7010860046875 0.150262959375 0.703713434375 0.23666416250000002 0.715536871875 0.354370146875 0.754948328125 0.3493613828125 0.750131371875 0.22226396093749998 0.7418111749999999 0.1164537953125
0 0.8022420734375 0.1433759078125 0.786915396875 0.149636865625 0.7816605359375 0.1195842734375 0.7562620421874999 0.113323315625 0.7444386062499999 0.113323315625 0.7597652828125 0.350613575 0.8105622703125 0.3443526171875 0.803117884375 0.22977711093750003 0.8022420734375 0.1433759078125
0 0.805307409375 0.231655396875 0.811000175 0.3449787125 0.8600455421875 0.3474830953125 0.8526011562500001 0.2260205359375 0.8473462953125 0.125845228125 0.8039936953125 0.13273228125 0.805307409375 0.231655396875
0 0.8547906812500001 0.21162033593750001 0.8648624984375 0.34372652187499997 0.908653003125 0.3449787125 0.8933263265625 0.2103681453125 0.8981432828125 0.1277235171875 0.849097915625 0.123340846875 0.8547906812500001 0.21162033593750001
0 0.7418111749999999 0.396944653125 0.7470660359375 0.4983721515625 0.8092485546875 0.4589281234375 0.8661762124999999 0.48459804687499997 0.8661762124999999 0.45266716875 0.8990190921875 0.45016278437499996 0.8963916624999999 0.38567493124999996 0.8039936953125 0.3775356875 0.7418111749999999 0.396944653125
0 0.8911368015625 0.552216378125 0.8858819406249999 0.4914850984375 0.8674899281249999 0.49398948281250005 0.8670520234374999 0.48397195000000004 0.807496934375 0.46393688906249997 0.7422490796875 0.5021287265625001 0.7479418453125 0.5647382921874999 0.806621125 0.5328074125 0.8911368015625 0.552216378125
0 0.8679278328125 0.6398697734375001 0.86880364375 0.6016779359375 0.892888421875 0.59166040625 0.8876335609374999 0.560355621875 0.8096864593750001 0.5384422734375 0.7457523203124999 0.57350363125 0.7461902265625 0.65113949375 0.8088106500000001 0.6392436765625 0.8679278328125 0.6398697734375001
0 0.8933263265625 0.71249686875 0.8920126125 0.653643878125 0.8674899281249999 0.656148259375 0.8683657374999999 0.645504634375 0.804869503125 0.6430002499999999 0.7483797515624999 0.6567743546875 0.7540725171875 0.7375406953125 0.8131897 0.7118707734374999 0.8933263265625 0.71249686875
0 0.874496409375 0.7675932875 0.899894903125 0.76133233125 0.8968295671875 0.7231404953125 0.8166929406250001 0.7137490609375 0.7562620421874999 0.7450538437499999 0.7580136625 0.8070373156249999 0.8171308453125 0.7882544453125 0.876685934375 0.7882544453125 0.874496409375 0.7675932875
0 0.9029602375 0.8690207859375001 0.902084428125 0.798898071875 0.8854440359375 0.790758828125 0.8171308453125 0.790758828125 0.7632685234375 0.8095416984374999 0.763706428125 0.8852992734375 0.81581713125 0.868394690625 0.9029602375 0.8690207859375001
0 0.37353301875 0.48772852499999997 0.4142581890625 0.48397195000000004 0.41513399843750004 0.570373153125 0.42476791093750005 0.57162534375 0.43527763124999996 0.60606060625 0.48169556875 0.58790383125 0.4729374671875 0.48397195000000004 0.4729374671875 0.393188078125 0.37046768281250003 0.41134485468750004 0.37353301875 0.48772852499999997
0 0.4830092828125 0.6048084140625 0.5359957953125 0.6010518406250001 0.5303030296875 0.47207613437499996 0.5316167453125 0.39381417500000004 0.4768786125 0.3919358890625 0.4768786125 0.47771099375 0.4830092828125 0.6048084140625
0 0.53205465 0.46894565468750005 0.53687160625 0.598547459375 0.577158871875 0.5997996484375 0.5898581187499999 0.5578512390625 0.593361359375 0.46894565468750005 0.5924855484375 0.3913097921875 0.53205465 0.3900576 0.53205465 0.46894565468750005
0 0.591171834375 0.929752065625 0.736556315625 0.9272476828125 0.7313014531250001 0.8320811421875 0.6721842703124999 0.8208114203125 0.5465055171875 0.8051590296875 0.5386232265625 0.8477335328125 0.591171834375 0.929752065625
0 0.6402172015625001 0.81016779375 0.7308635484375 0.821437515625 0.7334909781250001 0.7494365140625 0.6354002453125001 0.7250187828125 0.553949903125 0.725644878125 0.5557015234375 0.8014024546874999 0.6402172015625001 0.81016779375
0 0.645909965625 0.7243926875 0.7256086875000001 0.7356624093749999 0.7190401125 0.66553969375 0.6616745484375001 0.646756825 0.5583289546875 0.6924618078125 0.5605184796875 0.7218883046875 0.645909965625 0.7243926875
0 0.5434401828125 0.6855747562500001 0.6643019796875 0.6392436765625 0.7177263968750001 0.6555221640625 0.7225433531250001 0.5922865015625 0.6713084609375 0.570373153125 0.630145384375 0.5960430750000001 0.6108775609375 0.5891560234375001 0.5394990359375 0.6354871015625 0.5434401828125 0.6855747562500001
0 0.289017340625 0.848985725 0.352513575 0.8464813437500001 0.4094412328125 0.85524668125 0.41513399843750004 0.8352116203125 0.46987213125 0.8446030546875001 0.4672447015625 0.764462809375 0.346820809375 0.729401453125 0.2863899109375 0.751940896875 0.289017340625 0.848985725
0 0.35733053125 0.7200100171875 0.466806796875 0.74693213125 0.4589245046875 0.6674179828125 0.35514100625 0.6592787390625 0.28069714375 0.68369646875 0.2820108609375 0.7463060359375 0.35733053125 0.7200100171875
0 0.344631284375 0.6555221640625 0.45060430937499996 0.6636614078124999 0.44447363749999996 0.611069371875 0.4269574359375 0.58978211875 0.33893851875 0.57538191875 0.2894552453125 0.58602554375 0.2855141 0.6649135984375001 0.344631284375 0.6555221640625
0 0.2588018921875 0.7268970703125001 0.25705027187499996 0.6329827203125 0.1607111578125 0.6329827203125 0.0661236640625 0.6523916859375001 0.0753196703125 0.7300275484375 0.2588018921875 0.7268970703125001
0 0.1839201265625 0.621712996875 0.2605535109375 0.6273478578125 0.266246278125 0.57162534375 0.1712208796875 0.5384422734375 0.0617446140625 0.5547207609375 0.0652478546875 0.6404958671875 0.1839201265625 0.621712996875
0 0.17078297343749999 0.5315552218749999 0.26580837343749997 0.5609817171875 0.2679978984375 0.490859003125 0.16815554375 0.4770848984375 0.071378525 0.49211119375 0.07094062031250001 0.5440771343749999 0.17078297343749999 0.5315552218749999
0 0.12392713281250001 0.4138492359375 0.1199859875 0.433258203125 0.0775091953125 0.4495366890625 0.07926081562500001 0.482719759375 0.18260641093750002 0.472702228125 0.2636188484375 0.4864763328125 0.26099141718749996 0.4119709484375 0.1782273609375 0.3925619828125 0.12392713281250001 0.4138492359375