0 0.5676483140624999 0.1769716546875 0.7106274 0.177705978125 0.71702945 0.1505360546875 0.761843790625 0.14466147812500002 0.7575757578125 0.0704949328125 0.6188647031250001 0.0690262890625 0.56658130625 0.0961962109375 0.5676483140624999 0.1769716546875
0 0.56338028125 0.179174621875 0.5623132734375 0.2974004984375 0.76397780625 0.29079160000000004 0.7671788312500001 0.2276398890625 0.7202304734375 0.2276398890625 0.7255655140624999 0.17990894375 0.56338028125 0.179174621875
0 0.75650875 0.3612865328125 0.7607767812499999 0.29226024375000004 0.5676483140624999 0.29886914375 0.561246265625 0.39139374375 0.7319675640625001 0.393596709375 0.75650875 0.3612865328125
0 0.7735808796875 0.4141577328125 0.5623132734375 0.4009399328125 0.5687153234375 0.49346453281249997 0.7735808796875 0.5037450437500001 0.7735808796875 0.4141577328125
0 0.682885190625 0.537523865625 0.6818181812499999 0.51035394375 0.6177976953125001 0.5066823312500001 0.608194621875 0.49346453281249997 0.5591122484375 0.49346453281249997 0.5729833546875 0.6212365984375 0.75650875 0.623439565625 0.75650875 0.544132765625 0.682885190625 0.537523865625
0 0.5719163468749999 0.6241738875 0.5697823296875 0.72183874375 0.7554417421874999 0.7350565421875 0.7554417421874999 0.6256425328125 0.5719163468749999 0.6241738875
0 0.56658130625 0.91643413125 0.640204865625 0.9186370984375 0.6434058890625 0.8518137765624999 0.70956039375 0.8481421640625 0.70635936875 0.768835365625 0.6871532218749999 0.7658980765625001 0.6946222796875 0.7387281546875 0.5761843796874999 0.7372595093750001 0.56658130625 0.91643413125
0 0.5697823296875 0.7930679984375 0.561246265625 0.6807166984374999 0.4161331625 0.677779409375 0.42893725937499994 0.743868409375 0.389457959375 0.75121163125 0.381988903125 0.79453664375 0.5697823296875 0.7930679984375
0 0.37558685468749997 0.6205022765625 0.41506615468749997 0.6175649875 0.41506615468749997 0.6329857546875 0.371318821875 0.6425319421875 0.37985488749999996 0.684388309375 0.5623132734375 0.677779409375 0.5687153234375 0.5676310765625 0.3766538625 0.5771772656249999 0.37558685468749997 0.6205022765625
0 0.374519846875 0.5764429437499999 0.561246265625 0.563959465625 0.5591122484375 0.459685709375 0.42893725937499994 0.46556028749999995 0.43107127656250005 0.5213687765625 0.3649167734375 0.5316492875 0.374519846875 0.5764429437499999
0 0.37558685468749997 0.46335732187499995 0.561246265625 0.45527977656249996 0.564447290625 0.3436627984375 0.3734528375 0.3495373765625 0.37558685468749997 0.46335732187499995
0 0.371318821875 0.34660008750000004 0.56338028125 0.34513144375000004 0.5601792578125 0.246732265625 0.36384976562500004 0.2562784546875 0.371318821875 0.34660008750000004
0 0.4257362359375 0.2496695546875 0.5569782328125 0.2430606546875 0.5548442171875 0.1681597890625 0.42680324374999995 0.1769716546875 0.4257362359375 0.2496695546875
0 0.14724711875000002 0.49346453281249997 0.3008962859375 0.5000734328124999 0.30943235156250004 0.3899251 0.14724711875000002 0.397268321875 0.14724711875000002 0.49346453281249997
0 0.1440460953125 0.623439565625 0.3040973109375 0.6278454984375 0.2912932140625 0.5206344546875 0.149381134375 0.5206344546875 0.1440460953125 0.623439565625
0 0.152582159375 0.6278454984375 0.15044814374999999 0.7416654421875 0.295561246875 0.7409311203125 0.2966282546875 0.6285798203125 0.152582159375 0.6278454984375
0 0.34784464375 0.8914671765625 0.2976952625 0.884858275 0.295561246875 0.8569540312499999 0.1429790875 0.8606256421875 0.1355100296875 0.997943896875 0.3350405453125 0.9986782203125 0.34784464375 0.8914671765625
0 0.848271446875 0.1520047 0.98271446875 0.1490674109375 0.9837814765624999 0.0301072109375 0.852539478125 0.0308415328125 0.848271446875 0.1520047
0 0.8386683749999999 0.152739021875 0.8418693984375001 0.25921574375 0.99338455 0.2606843890625 0.9880495093749999 0.1483330890625 0.8386683749999999 0.152739021875
0 0.8365343578125 0.2628873546875 0.8450704218749999 0.3634894984375 0.9880495093749999 0.3620208546875 0.9837814765624999 0.265090321875 0.8365343578125 0.2628873546875
0 0.8002560828125 0.37009839843750003 0.8066581296875001 0.48391834375 0.9837814765624999 0.48391834375 0.98271446875 0.364223821875 0.8002560828125 0.37009839843750003
0 0.7767819031250001 0.5000734328124999 0.7885189921875 0.58966074375 0.9837814765624999 0.597003965625 0.9784464359375 0.5022763984374999 0.7767819031250001 0.5000734328124999
0 0.8055911218749999 0.6608899984375001 0.8279982921875 0.664561609375 0.8376013656250001 0.7071522984375 0.9944515578124999 0.704215009375 0.9955185656250001 0.6520781312499999 0.9837814765624999 0.6425319421875 0.977379428125 0.61242473125 0.8023900984375001 0.6146276984375 0.8055911218749999 0.6608899984375001
0 0.8376013656250001 0.76149214375 0.8461374312500001 0.8209722421875 0.9859154921875 0.824643853125 0.9955185656250001 0.7071522984375 0.7831839515625 0.710823909375 0.787451984375 0.762226465625 0.8376013656250001 0.76149214375
0 0.7831839515625 0.8319870765624999 0.792787025 0.9795858421875 0.9965855734375 0.9869290640624999 0.981647459375 0.829784109375 0.7831839515625 0.8319870765624999