0 0.077798071875 0.27036451875 0.0969002765625 0.5193067124999999 0.2038726265625 0.49049737968749996 0.1913693640625 0.2230876640625 0.077798071875 0.27036451875
0 0.19692636875 0.2245650640625 0.20456725156250002 0.437310915625 0.2997309640625 0.41736599218750003 0.29104814375 0.2097910484375 0.19692636875 0.2245650640625
0 0.396631240625 0.39594366718749996 0.389337671875 0.2016653375 0.3466181953125 0.22825857031250002 0.33272568125 0.19797183437500002 0.29834171249999997 0.21126845 0.307719159375 0.26888711875000004 0.29556321093750004 0.266671015625 0.29660514843749997 0.3375862984375 0.31779123125000003 0.3449733078125 0.3257794265625 0.4217981984375 0.396631240625 0.39594366718749996
0 0.39836780625 0.16694639687499999 0.4087871890625 0.4121950859375 0.5098552203125 0.36565693125 0.4879745125 0.150694978125 0.39836780625 0.16694639687499999
0 0.4994358359375 0.1602980890625 0.5105498453124999 0.36048602500000004 0.6147436921875 0.351621615625 0.5932102984375 0.1410918671875 0.4994358359375 0.1602980890625
0 0.6515588515624999 0.0805183953125 0.6011984921875 0.10046331875 0.61613294375 0.351621615625 0.6647567390625 0.363440828125 0.7022665234375001 0.29695775156250004 0.6946256421875 0.1255791484375 0.6588524203125 0.1263178484375 0.6515588515624999 0.0805183953125
0 0.7109493437500001 0.3316766921875 0.8130593125000001 0.3117317671875 0.8043764921875001 0.10415682343749999 0.7074762156250001 0.11375993437500001 0.7109493437500001 0.3316766921875
0 0.8151431890625 0.11745343906250001 0.8252152625000001 0.33389279374999997 0.92663060625 0.3146865703125 0.91447465625 0.09972461875000001 0.8151431890625 0.11745343906250001
0 0.9630984515625001 0.5636287656250001 0.957194134375 0.317641375 0.8800906875000001 0.33093799062499996 0.876270246875 0.35457641875 0.8453594046875 0.3560538203125 0.8252152625000001 0.3907727609375 0.8005560515625 0.384124453125 0.8085442468749999 0.5820962875 0.9630984515625001 0.5636287656250001
0 0.706781590625 0.6448858609375 0.8078496203125001 0.6027799109374999 0.796040984375 0.36565693125 0.6883740109375001 0.3922501640625 0.706781590625 0.6448858609375
0 0.8036818671875 0.6072121171875 0.81931094375 0.8110935578125 0.930103734375 0.7852390265625 0.9023187078125 0.5769253812499999 0.8036818671875 0.6072121171875
0 0.8012506765625 0.6079508171875 0.6967095171875 0.6441471609375 0.7112966562499999 0.8465512000000001 0.8106281234375 0.8140483609375 0.8012506765625 0.6079508171875
0 0.53520905625 0.63971495625 0.6310673953125 0.6175539296875 0.61682756875 0.3988984703125 0.5258316109375001 0.4225368984375 0.53520905625 0.63971495625
0 0.5369456203125 0.655966375 0.5550058875 0.8797927390625 0.6487803484375 0.8347319859375 0.647043784375 0.7630780015624999 0.666493303125 0.7534748890625 0.6546846671875 0.6205087328125 0.5369456203125 0.655966375
0 0.52201116875 0.6670468875 0.42788939531250003 0.6810822046875 0.436224903125 0.886441046875 0.5272208609375 0.8731444312500001 0.52201116875 0.6670468875
0 0.3938527390625 0.50305529375 0.40774525156249997 0.6677855890625 0.473387375 0.6603985796875 0.525136984375 0.611644321875 0.5279154875 0.5569804578124999 0.5195799796875 0.526693721875 0.5161068515625 0.415888590625 0.4199012 0.435833515625 0.3938527390625 0.50305529375
0 0.258053425 0.7158011453124999 0.267430871875 0.9152503812499999 0.368846215625 0.88939585 0.3559956421875 0.70398193125 0.258053425 0.7158011453124999
0 0.14691332343750002 0.7320525640625 0.1576800203125 0.9403662109375001 0.258053425 0.9307630984375 0.246244790625 0.70398193125 0.14691332343750002 0.7320525640625
0 0.13336812343749999 0.6973336234375 0.1882435484375 0.6884692125 0.19692636875 0.7091528375 0.26465236875000003 0.6965949218749999 0.254232984375 0.548854746875 0.23131033906249998 0.5407290375 0.22436408281250003 0.478678165625 0.131978871875 0.5185680125000001 0.13336812343749999 0.6973336234375
0 0.3900322984375 0.5333420296875 0.389337671875 0.4070241796875 0.24555016406250002 0.446914028125 0.2434662875 0.531864628125 0.25944267656250003 0.5392516374999999 0.2663889328125 0.6973336234375 0.3671096515625 0.67221779375 0.3643311484375 0.5495934499999999 0.3900322984375 0.5333420296875