0 0.8133043046875 0.0784463890625 0.78176341875 0.16537346875 0.8245689078125 0.18763528125 0.8470981125 0.1606030796875 0.894972675 0.172794071875 0.93834139375 0.058834790625 0.8397761218750001 0.018551510937499998 0.8133043046875 0.0784463890625
0 0.77218850625 0 0.7474063796875 0.0604249203125 0.7299462453125 0.1187296703125 0.7823266484375 0.1409914828125 0.8087984640625001 0.0726159140625 0.8307644390625001 0.0127210359375 0.77218850625 0
0 0.65897925 0.093287596875 0.675876153125 0.0943476828125 0.67756584375 0.10600863437500001 0.71868164375 0.116609496875 0.7378314671874999 0.059364834374999995 0.7614871328125 0.005830475 0.736141778125 0 0.6877039859375 0.002120171875 0.6719335421875 0.027032201562500004 0.65897925 0.093287596875
0 0.39200816875 0.874041184375 0.3965140109375 0.9349961484374999 0.46184870624999996 0.9381764078125 0.46184870624999996 0.879341615625 0.46579131562500004 0.8008952265625 0.397077240625 0.8035454421875 0.39200816875 0.874041184375
0 0.38806555781249996 0.8083158312500001 0.34807621875 0.8056656156249999 0.3379380765625 0.8719210109375 0.337374846875 0.9413566671875 0.38693909843749996 0.93870645 0.384686178125 0.8766914 0.38806555781249996 0.8083158312500001
0 0.330616084375 0.873511140625 0.340190996875 0.8019553125 0.299638428125 0.7982450109375 0.2861209046875 0.862910278125 0.290063515625 0.93870645 0.327799934375 0.9312858453124999 0.330616084375 0.873511140625
0 0.28217829375000003 0.8724510546875001 0.2906267453125 0.798775053125 0.2455683359375 0.7865840609375 0.23261404218749998 0.8613201484375 0.24049926406250002 0.9190948531249999 0.2844312140625 0.9376463640624999 0.28217829375000003 0.8724510546875001
0 0.2292346625 0.86450040625 0.23205081249999998 0.788174190625 0.1920614734375 0.7807535859375 0.180796871875 0.8554896734374999 0.18586594218750002 0.8973630828125 0.230361121875 0.9132643781249999 0.2292346625 0.86450040625
0 0.17910718125 0.8581398890624999 0.1903717828125 0.7860540171875 0.139681071875 0.7759831984375001 0.12785323906249998 0.8549596296875001 0.1340487703125 0.8989532125 0.1779807203125 0.9005433421875001 0.17910718125 0.8581398890624999
0 0.11940478750000001 0.8565497593750001 0.1289797 0.7892342765625 0.0844845203125 0.7781033703125 0.0726566875 0.8523094140625 0.0827948296875 0.9037236015625 0.12729000937499999 0.901603428125 0.11940478750000001 0.8565497593750001
0 0.0653346953125 0.8602600609375 0.07716252812499999 0.7812836296875 0.005069071875 0.7733329828125 0.0011264609375 0.8432986796874999 0 0.9069038609375 0.014080753125000001 0.9111442046875 0.014080753125000001 0.95089744375 0.07209345625 0.9593781343750001 0.0653346953125 0.8602600609375
0 0.541827384375 0.8894124359375001 0.5474596843749999 0.8136162625000001 0.48663083125 0.8109660468750001 0.47761914843750003 0.8936527812499999 0.47423976874999996 0.9805798609374999 0.5457699953125 0.976869559375 0.541827384375 0.8894124359375001
0 0.5502758359375 0.9381764078125 0.6111046890625 0.9418867093750001 0.6032194671875 0.8862321765625 0.6049091578125 0.8109660468750001 0.55534490625 0.8114960906249999 0.5440803046875 0.88782230625 0.5502758359375 0.9381764078125
0 0.629128053125 0.9429467953125 0.6854510656249999 0.935526190625 0.673060003125 0.8782815296875001 0.6623586312499999 0.8008952265625 0.6144840703125001 0.8162664796874999 0.61166791875 0.8883523500000001 0.629128053125 0.9429467953125
0 0.6910833671875001 0.932875975 0.741774078125 0.9190948531249999 0.7237507140624999 0.8634403203125001 0.7017847390624999 0.8014252703125001 0.6691173921875 0.798775053125 0.683761375 0.8777514859375 0.6910833671875001 0.932875975
0 0.7333256265625 0.86450040625 0.7462799203125 0.9148545078125 0.7597974421875 0.9312858453124999 0.79697063125 0.9190948531249999 0.7783840375 0.8576098453125001 0.7569812921875 0.7834038015625 0.710796421875 0.799835140625 0.7333256265625 0.86450040625
0 0.8020397031250001 0.91591459375 0.8437187328125001 0.9031935578124999 0.8194998375000001 0.8385282921874999 0.8121778453124999 0.77439306875 0.763740053125 0.7807535859375 0.7840163390625 0.851779371875 0.8020397031250001 0.91591459375
0 0.8532936453125 0.8978931265625001 0.9022946656249999 0.8883523500000001 0.8673743984375 0.8369381625000001 0.861742096875 0.762202075 0.8217527578125001 0.7706827656249999 0.8285115187500001 0.845948896875 0.8532936453125 0.8978931265625001
0 0.915248959375 0.8899424796875 0.9569279890625 0.8544295859375 0.9225709500000001 0.8242171265625 0.9242606406249999 0.7500110828125 0.8730066984375 0.754251428125 0.876949309375 0.8369381625000001 0.915248959375 0.8899424796875
0 0.6032194671875 0.6890561187500001 0.57449473125 0.680045384375 0.5739315015625001 0.6100796859375001 0.499585125 0.6090196 0.48832052187499997 0.7955947953125 0.5936445546875 0.799835140625 0.598150396875 0.74047030625 0.6032194671875 0.6890561187500001
0 0.720371334375 0.7706827656249999 0.6995318187499999 0.7155582765624999 0.6893936765625 0.6683844359375 0.6313809734375 0.6763350828125 0.620116371875 0.6445324921875 0.5761844218750001 0.6418822765625001 0.5874490234375 0.690646246875 0.616736990625 0.6927664203125 0.6099782296875 0.753721384375 0.626311903125 0.8035454421875 0.720371334375 0.7706827656249999
0 0.8042926234375001 0.7558415578125001 0.771625275 0.7091977578125 0.7552916015625 0.6524831390625 0.7158654921875 0.6503629671875 0.6944627484375 0.616970246875 0.6387029656250001 0.629691284375 0.651094028125 0.6652041765625001 0.691646596875 0.6683844359375 0.710796421875 0.7272192265624999 0.7383946984375 0.77439306875 0.8042926234375001 0.7558415578125001
0 0.8701905484375001 0.7436505640625 0.827385059375 0.6858758593750001 0.8133043046875 0.634461671875 0.7834531078125 0.6355217578125 0.768809125 0.5862277437500001 0.704600890625 0.6090196 0.724877175 0.6524831390625 0.7682458953125 0.6551333546875 0.7750046562499999 0.7107878875 0.8121778453124999 0.754781471875 0.8701905484375001 0.7436505640625
0 0.911869578125 0.6217406359375001 0.8623053265625 0.6190904203125001 0.8465348828125 0.56873631875 0.7783840375 0.5862277437500001 0.7907751000000001 0.6270410671875 0.8194998375000001 0.6334015859375 0.8330173593750001 0.691176290625 0.8831448421875001 0.74471065 0.9439736953125 0.7293393984375001 0.911869578125 0.6217406359375001
0 0.400456621875 0.6646741328125 0.3931346296875 0.6270410671875 0.343570378125 0.629691284375 0.3362483859375 0.6699745640625 0.33230577499999997 0.7383501328125 0.3458232984375 0.7828737593749999 0.437629809375 0.79082440625 0.4421356515625 0.6726247796875 0.400456621875 0.6646741328125
0 0.3255470140625 0.7330497015625 0.3283631640625 0.6652041765625001 0.280488603125 0.6593737015625 0.2635917 0.730929528125 0.2759827625 0.7828737593749999 0.3379380765625 0.785523975 0.3255470140625 0.7330497015625
0 0.19375116406249998 0.773863025 0.268097540625 0.7786334140625 0.2596490890625 0.723508925 0.271476921875 0.6535432265625001 0.24049926406250002 0.6620239171875 0.2421889546875 0.6196204625 0.167842578125 0.618030334375 0.167842578125 0.6742149093750001 0.19769377500000002 0.6736848656250001 0.1881188625 0.719798621875 0.19375116406249998 0.773863025
0 0.10814018437499999 0.7712128093749999 0.186992403125 0.7722728953125 0.1813601015625 0.7192685796875 0.1824865609375 0.6789852984375 0.1627735078125 0.6715646937499999 0.152635365625 0.6482427953125 0.117715096875 0.6392320609375 0.1041975734375 0.7107878875 0.10814018437499999 0.7712128093749999
0 0.1041975734375 0.7669724640625 0.1013814234375 0.714498190625 0.11039310625000001 0.6424123203125001 0.0889903609375 0.6381719734375 0.0901168203125 0.6132599453124999 0.0371731890625 0.6121998578125 0.020276284375000002 0.719798621875 0.03492026875 0.7611419890625 0.1041975734375 0.7669724640625
0 0.054633323437500006 0.05671461875 0.0433687203125 0.10229833125000001 0.052943632812499995 0.1293305328125 0.09405943125 0.122439971875 0.1357384609375 0.10918889218750001 0.1329223109375 0.1415215265625 0.2455683359375 0.151062303125 0.2512006375 0.0636051796875 0.054633323437500006 0.05671461875
0 0.055759782812500006 0.17597433125 0.1295429296875 0.18286489374999998 0.2483844859375 0.20618679218749997 0.2466947953125 0.15848290781250002 0.1261635484375 0.1441717421875 0.059139164062500006 0.1346309640625 0.055759782812500006 0.17597433125
0 0.0878639 0.213607396875 0.0923697421875 0.236929296875 0.23092435312499998 0.253360634375 0.23824634374999998 0.21678765625000002 0.05012748125000001 0.1743842015625 0.0512539421875 0.20512670625 0.0878639 0.213607396875
0 0.052943632812499995 0.231098821875 0.0416790296875 0.26290141093749997 0.048437790625 0.2841031375 0.1205312484375 0.2772125765625 0.1284164703125 0.2920537859375 0.1672793484375 0.28728339687500004 0.2331772734375 0.3031846921875 0.23768311406249998 0.2602511953125 0.052943632812499995 0.231098821875
0 0.22585528125 0.34770831874999997 0.2331772734375 0.310075253125 0.1289797 0.2915237421875 0.11940478750000001 0.2798627921875 0.0411158 0.287813440625 0.040552568750000004 0.30795508125 0.0923697421875 0.3116653828125 0.117715096875 0.3074250375 0.11546217656249999 0.3434679734375 0.167842578125 0.3455881453125 0.22585528125 0.34770831874999997
0 0.060265623437500006 0.3265065921875 0.029851196875000003 0.33710745468750003 0.032104117187499996 0.3832212109375 0.1047608046875 0.3805709953125 0.139681071875 0.3917019015625 0.18473948281250002 0.38163108125 0.2252920515625 0.39223194375000003 0.227544971875 0.35035853437500003 0.060265623437500006 0.3265065921875
0 0.2129009890625 0.445766303125 0.21909652031250001 0.3964722890625 0.177417490625 0.3885216421875 0.105324034375 0.3917019015625 0.092932971875 0.3826911671875 0.033230578125 0.39117185781249997 0.032667346874999996 0.4107834546875 0.1058872640625 0.40919332500000005 0.10982987500000001 0.4372856140625 0.1605205875 0.44046587343750004 0.2129009890625 0.445766303125
0 0.032104117187499996 0.45318690781250004 0.032104117187499996 0.47862898125 0.0878639 0.47756889375 0.161647046875 0.486579628125 0.21515390937499998 0.49506031874999995 0.211774528125 0.4537169515625 0.042242259375 0.42668475 0.032104117187499996 0.45318690781250004
0 0.2072686875 0.5448843765625 0.2123377578125 0.5030109656249999 0.145876603125 0.486579628125 0.0343570375 0.47756889375 0.0337938078125 0.5077813546875001 0.057449473437499995 0.506191225 0.0619553140625 0.51838221875 0.0918065109375 0.521032434375 0.0934962015625 0.5417041171875 0.161647046875 0.552835025 0.2072686875 0.5448843765625
0 0.27316661249999996 0.201946446875 0.3080868796875 0.202476490625 0.3430071484375 0.2067168359375 0.3756744953125 0.19028549687500002 0.41059476406249995 0.2035365765625 0.456779634375 0.196646015625 0.4573428640625 0.1272103609375 0.271476921875 0.12297001562500001 0.27316661249999996 0.201946446875
0 0.422422596875 0.2385194265625 0.45508994375 0.24222972812500002 0.453963484375 0.20618679218749997 0.41003153281250004 0.20830696406250002 0.373421575 0.196646015625 0.346949759375 0.20565674843749998 0.31146626093749996 0.207776921875 0.26640785 0.20512670625 0.2607755484375 0.25124046093749997 0.36722604375 0.2523005484375 0.40327277187500005 0.2549507640625 0.422422596875 0.2385194265625
0 0.265281390625 0.2549507640625 0.25795939843750004 0.30689499374999996 0.44269888125 0.3053048640625 0.44551503124999997 0.25548080781250004 0.41284768437499997 0.2517705046875 0.3773641859375 0.2634314546875 0.265281390625 0.2549507640625
0 0.43706657968749996 0.355128921875 0.4336871984375 0.3095452109375 0.25626970781249997 0.310605296875 0.2472580265625 0.3567190515625 0.3660995828125 0.350888578125 0.43706657968749996 0.355128921875
0 0.252890328125 0.3598993109375 0.246131565625 0.407073153125 0.34526006875 0.406543109375 0.38637586874999996 0.3964722890625 0.4477679515625 0.4060130671875 0.43931950000000003 0.36042935468750004 0.355961440625 0.355658965625 0.252890328125 0.3598993109375
0 0.3170985625 0.4081332390625 0.2545800171875 0.40548302343750003 0.25063740624999997 0.4542469953125 0.3514556 0.452656865625 0.44269888125 0.457957296875 0.4398827296875 0.4107834546875 0.384686178125 0.40018259218749996 0.3170985625 0.4081332390625
0 0.428618128125 0.4621976421875 0.3458232984375 0.45583712500000007 0.252890328125 0.45954742656249997 0.24500510625 0.50672126875 0.27485630156249996 0.50195088125 0.3368116171875 0.49983070781250005 0.36947896406249997 0.49559036250000005 0.4038360015625 0.5046010953125 0.4291813578125 0.4940002328125 0.428618128125 0.4621976421875
0 0.4241122875 0.50195088125 0.39200816875 0.50672126875 0.3565246703125 0.49081997343749995 0.3227308625 0.508841440625 0.2421889546875 0.50566118125 0.23824634374999998 0.559725584375 0.33455869531250004 0.56396593125 0.3728583453125 0.5517749375000001 0.4212961359375 0.5279229953125 0.4241122875 0.50195088125