0 0.008251600000000001 0.275528346875 0.14130864375000002 0.27369961875 0.14543444375 0.2072558359375 0.1557489421875 0.20116007656249998 0.1578118421875 0.12008646875 0.14388726875 0.11825774062500001 0.12944696875 0.079244878125 0.014440298437499999 0.0780257265625 0.008251600000000001 0.275528346875
0 0.27230278750000003 0.12679180625 0.2578624875 0.1213056203125 0.25683103749999997 0.0688820859375 0.1660634421875 0.06583420625 0.1629690921875 0.171290853125 0.1490445171875 0.21152286718750002 0.1521388671875 0.2389537875 0.1619376421875 0.2359059078125 0.1645162671875 0.2694325859375 0.2609568375 0.26638470625 0.2619882875 0.2273718421875 0.2764285859375 0.221885659375 0.27230278750000003 0.12679180625
0 0.2790072109375 0.046327775 0.2898374359375 0.24443997031250003 0.39246670625 0.24504954687499997 0.38679373125 0.0451086234375 0.2790072109375 0.046327775
0 0.39504533125 0.108504525 0.40174975625 0.2541931859375 0.49097017656249997 0.2395633625 0.4956117015625 0.07863530156250001 0.4393976796875 0.08168318125 0.4337247046875 0.1048470703125 0.39504533125 0.108504525
0 0.41000135625 0.25906979375 0.4146428796875 0.402929728125 0.4424920296875 0.39439566406250004 0.4455863796875 0.4175595515625 0.5064419265625 0.4023201515625 0.49303307656250006 0.2480974265625 0.450743628125 0.2480974265625 0.41000135625 0.25906979375
0 0.2986047609375 0.26577513124999996 0.2955104109375 0.4163404 0.39607678125 0.402929728125 0.39091953125 0.2596793703125 0.2986047609375 0.26577513124999996
0 0.1707049671875 0.27369961875 0.17740939218750001 0.4242648875 0.2764285859375 0.414511671875 0.2748814125 0.345020009375 0.2882902609375 0.31576036093750004 0.28622736249999997 0.27248046718749996 0.1707049671875 0.27369961875
0 0.1516231421875 0.275528346875 0.0397108234375 0.2767474984375 0.043320896875 0.3706222 0.026301973437499997 0.368183896875 0.011861673437500001 0.3986626953125 0.0211447234375 0.4297510703125 0.040226548437499995 0.43584682968750005 0.0453837984375 0.46449690156249995 0.1670948921875 0.45352453437499995 0.1516231421875 0.275528346875
0 0.6266058453125 0.0938747015625 0.6271215703124999 0.1773866125 0.6178385203125 0.19750262031250002 0.6224800453125 0.23285802812499998 0.6905557421874999 0.237125059375 0.7606943390625001 0.2304197234375 0.7632729640625 0.1621472125 0.726656490625 0.1590993328125 0.719952065625 0.09082682187499999 0.6266058453125 0.0938747015625
0 0.6245429453125 0.25846021874999997 0.6410461453125 0.260288946875 0.6431090453125 0.27796665 0.6864299421875 0.2865007140625 0.7591471640624999 0.276137921875 0.7679144890625 0.23102930000000002 0.6193856953125 0.2346867546875 0.6245429453125 0.25846021874999997
0 0.6364046203125 0.2785762265625 0.6209328703125 0.295034778125 0.6214485953125 0.329780609375 0.6931343671875 0.337705096875 0.7524427390625 0.324294425 0.7498641140625 0.2828432578125 0.6905557421874999 0.287719865625 0.6364046203125 0.2785762265625
0 0.6936500921875 0.3383146734375 0.6101026468749999 0.32734230468750003 0.612681271875 0.3559923765625 0.6446562203124999 0.3602594078125 0.6441404953125 0.3791562640625 0.6910714671875 0.38098499218750004 0.7539899140624999 0.37427965625000004 0.7472854890625 0.32917103281250004 0.6936500921875 0.3383146734375
0 0.6204171453125 0.430970221875 0.6817884171874999 0.4315797984375 0.7524427390625 0.42487446249999994 0.7581157140625 0.38342329531249997 0.6967444421875 0.38220414375 0.6338259953125001 0.3785466875 0.6204171453125 0.430970221875
0 0.6936500921875 0.434018103125 0.6214485953125 0.430970221875 0.6281530203125001 0.45169580624999994 0.6446562203124999 0.4547436859375 0.6451719453125 0.4754692703125 0.7086061171875 0.47485969375000003 0.7591471640624999 0.4705926609375 0.7555370890625001 0.4315797984375 0.6936500921875 0.434018103125
0 0.6317630953125 0.5278928046875 0.7024174171875 0.5278928046875 0.7612100640625 0.5217970453125 0.7606943390625001 0.4772979984375 0.6977758921875 0.47790757343749996 0.6276372953125 0.4754692703125 0.6317630953125 0.5278928046875
0 0.6260901203125 0.52911195625 0.6271215703124999 0.5473992375 0.6394989703125 0.55959075625 0.6358888953124999 0.5797067640625 0.7653358640625 0.573001428125 0.7643044140625 0.526673653125 0.6982916171875 0.5297215328125 0.6260901203125 0.52911195625
0 0.6297001953125 0.6034802265625 0.6209328703125 0.635178178125 0.6358888953124999 0.6717527375000001 0.6745682687500001 0.67601976875 0.729235115625 0.666266553125 0.7565685390625 0.6473696984374999 0.7684302140625 0.6321302984375 0.730782290625 0.6071376828124999 0.7282036656249999 0.5973844671874999 0.6297001953125 0.6034802265625
0 0.6389832453125 0.6833346812500001 0.6327945453125 0.716251784375 0.67405254375 0.7217379687500001 0.7333609156249999 0.711984753125 0.7436754140625 0.6705335859375 0.6735368187499999 0.6821155296875 0.6389832453125 0.6833346812500001
0 0.6369203453125001 0.766237015625 0.67559971875 0.769894471875 0.731298015625 0.7619699843750001 0.7349080906250001 0.716251784375 0.67302109375 0.7284433046875 0.6369203453125001 0.7217379687500001 0.6369203453125001 0.766237015625
0 0.6343417203125 0.818050975 0.6817884171874999 0.816831821875 0.727687940625 0.8119552140625 0.7282036656249999 0.7692848953125 0.67302109375 0.7717232 0.6348574453125 0.772332775 0.6343417203125 0.818050975
0 0.6384675203125 0.86072129375 0.6833355921875001 0.869864934375 0.719436340625 0.869864934375 0.7282036656249999 0.8198797015625001 0.67198964375 0.8217084296875001 0.6400146953125 0.818050975 0.6384675203125 0.86072129375
0 0.7127319156249999 0.8753511171874999 0.6807569671875 0.8716936609375001 0.6379517953125 0.86803620625 0.6467191203125 0.9113161 0.6663166687500001 0.9155831328125 0.66889529375 0.939356596875 0.7003545171875001 0.9424044765625 0.6977758921875 0.9235076203125001 0.730782290625 0.921069315625 0.7127319156249999 0.8753511171874999
0 0.8029837875 0.602261075 0.8246442359374999 0.6223770828124999 0.8576506343749999 0.62908241875 0.8932356578125 0.6199387796875 0.9659528796875 0.6101855625 0.9607956296875001 0.5723918515624999 0.9040658828125 0.57483015625 0.9056130578125 0.54435135625 0.8112353859375 0.5492279640625 0.8127825609375 0.57543973125 0.8009208875 0.5858025234375 0.8029837875 0.602261075