0 0.335526315625 0.8743633281250001 0.3903508765625 0.8760611203125 0.3837719296875 0.7266553484375 0.391812865625 0.5993208828125 0.3318713453125 0.5925297109375001 0.323830409375 0.7147707984375 0.335526315625 0.8743633281250001
0 0.33406432812500003 0.8896434640625 0.328216375 0.8013582343750001 0.3216374265625 0.7113752125 0.32894736875 0.589134125 0.2938596484375 0.577249575 0.2799707609375 0.7079796265625 0.29093567187499997 0.8098471984375 0.289473684375 0.8862478781249999 0.33406432812500003 0.8896434640625
0 0.289473684375 0.8064516125000001 0.277046784375 0.6994906624999999 0.2989766078125 0.53140916875 0.256578946875 0.5263157890625 0.23903508750000002 0.69779286875 0.2404970765625 0.8913412562499999 0.284356725 0.8998302203125 0.289473684375 0.8064516125000001
0 0.2368421046875 0.6910016984375 0.24926900624999998 0.5704584046875001 0.21198830468750002 0.560271646875 0.198099415625 0.69779286875 0.20540935624999998 0.8268251265625001 0.23611111093749998 0.8285229203125001 0.2368421046875 0.6910016984375
0 0.1900584796875 0.8336162984375 0.198099415625 0.7674023765625 0.19371345 0.6859083187499999 0.2068713453125 0.5585738546875 0.16081871406249998 0.546689303125 0.1513157890625 0.6842105265625 0.154239765625 0.764006790625 0.14108187187500001 0.8251273343750001 0.1900584796875 0.8336162984375
0 0.1111111109375 0.8421052625 0.1271929828125 0.8302207125000001 0.13523391875 0.7606112046875 0.142543859375 0.680814940625 0.1323099421875 0.668930390625 0.1330409359375 0.6519524624999999 0.0489766078125 0.6078098468750001 0.028508771874999998 0.8488964343750001 0.0650584796875 0.872665534375 0.0796783625 0.8302207125000001 0.1111111109375 0.8421052625
0 0.118421053125 0.609507640625 0.1337719296875 0.5161290328125 0.063596490625 0.46859083124999995 0.046783625 0.565365025 0.085526315625 0.5823429546875001 0.118421053125 0.609507640625
0 0.1271929828125 0.4906621390625 0.1403508765625 0.49405772499999995 0.142543859375 0.45331069687500003 0.1337719296875 0.446519525 0.1374269 0.42954159531249997 0.06944444375 0.398981325 0.061403509375 0.4601018671875 0.12573099375000002 0.500848896875 0.1271929828125 0.4906621390625
0 0.107456140625 0.0220713078125 0.049707601562499995 0 0.038742690625 0.07300509375 0.0109649125 0.06791171406249999 0 0.2512733453125 0.084064328125 0.3005093375 0.107456140625 0.0220713078125
0 0.1615497078125 0.2648556875 0.164473684375 0.1697792875 0.1747076015625 0.042444821875 0.1440058484375 0.028862478125 0.13523391875 0.10696095000000001 0.130847953125 0.2054329375 0.129385965625 0.2546689296875 0.1615497078125 0.2648556875
0 0.1279239765625 0.2563667234375 0.129385965625 0.20882852343749997 0.1323099421875 0.137521221875 0.14108187187500001 0.0271646859375 0.1059941515625 0.010186757812499999 0.10087719375 0.125636671875 0.08991228125 0.2308998296875 0.1279239765625 0.2563667234375
0 0.16008771875 0.41256366718750004 0.165204678125 0.45331069687500003 0.244883040625 0.465195246875 0.24780701718749998 0.4176570453125 0.24707602343750001 0.3276740234375 0.2638888890625 0.06791171406249999 0.1842105265625 0.06112054375 0.165935671875 0.1952461796875 0.159356725 0.307300509375 0.16008771875 0.41256366718750004
0 0.25 0.42784380312500003 0.28728070156249996 0.434634975 0.28728070156249996 0.34295415937499996 0.2975146203125 0.21561969374999998 0.26023391875 0.198641765625 0.25 0.32427843749999996 0.25 0.42784380312500003
0 0.2880116953125 0.42954159531249997 0.323830409375 0.434634975 0.3216374265625 0.34974533124999996 0.3311403515625 0.22241086562499998 0.2982456140625 0.210526315625 0.288742690625 0.33106960937499996 0.2880116953125 0.42954159531249997
0 0.3618421046875 0.3514431234375 0.33260233906250003 0.271646859375 0.3252923984375 0.34295415937499996 0.323830409375 0.4906621390625 0.380116959375 0.4906621390625 0.380116959375 0.40237690937500004 0.37573099375 0.3395585734375 0.3618421046875 0.3514431234375
0 0.3786549703125 0.3412563671875 0.3830409359375 0.40067911718750004 0.381578946875 0.499151103125 0.40716374218749996 0.5093378609375 0.40716374218749996 0.465195246875 0.42690058437499995 0.4617996609375 0.4290935671875 0.3514431234375 0.3786549703125 0.3412563671875
0 0.3786549703125 0.3344651953125 0.43128655 0.34974533124999996 0.44371345 0.14940577187499998 0.42690058437499995 0.09677419375 0.393274853125 0.127334465625 0.3720760234375 0.1120543296875 0.3538011703125 0.1120543296875 0.334795321875 0.11375212187499999 0.328216375 0.24617996562500002 0.3625731 0.34465195312499997 0.3786549703125 0.3344651953125
0 0.5767543859375001 0.8421052625 0.597222221875 0.8336162984375 0.6038011703125 0.7436332765625 0.6059941515625 0.655348046875 0.527046784375 0.657045840625 0.528508771875 0.9371816640624999 0.5716374265625 0.9490662140625 0.5767543859375001 0.8421052625
0 0.597222221875 0.8319185062500001 0.5994152046875 0.9015280140625 0.6169590640625 0.9286927 0.6615497078125 0.9252971140625 0.6725146203125 0.6621392187499999 0.6081871343749999 0.657045840625 0.606725146875 0.7555178265625 0.597222221875 0.8319185062500001
0 0.857456140625 0.8998302203125 0.9137426906250001 0.896434634375 0.9188596484374999 0.8404074703125 0.9561403515625001 0.8471986421875 0.9561403515625001 0.6230899828124999 0.8260233921875001 0.619694396875 0.81798245625 0.8421052625 0.8442982453125 0.8488964343750001 0.857456140625 0.8998302203125
0 0.722222221875 0.6468590828125 0.8201754390625 0.6587436328125 0.8194444437499999 0.5636672328125 0.8545321640625 0.546689303125 0.847953215625 0.40237690937500004 0.687134503125 0.392190153125 0.676900584375 0.6281833609375 0.7141812859375001 0.619694396875 0.722222221875 0.6468590828125
0 0.8223684203125 0.29711375156250003 0.8318713453125 0.27843803125 0.847953215625 0.2733446515625 0.8603801171875001 0.2614601015625 0.8830409359375 0.259762309375 0.8830409359375 0.15959252968749998 0.9298245609375 0.15959252968749998 0.9290935671874999 0.018675721875000002 0.8684210531250001 0.01188455 0.8654970765625001 0.042444821875 0.73976608125 0.0696095078125 0.7412280703125 0.2869269953125 0.7646198828124999 0.283531409375 0.7690058484375 0.30220713125 0.8223684203125 0.29711375156250003
0 0.6776315796875 0.4601018671875 0.676169590625 0.1952461796875 0.6103801171875001 0.21561969374999998 0.6059941515625 0.2767402375 0.5380116953125 0.2750424453125 0.539473684375 0.3395585734375 0.5190058484375 0.34295415937499996 0.518274853125 0.5280135828125 0.5402046781250001 0.536502546875 0.5431286546874999 0.6078098468750001 0.641081871875 0.6061120546875001 0.6483918125 0.546689303125 0.6630116953125 0.47028862499999996 0.6776315796875 0.4601018671875
0 0.8223684203125 0.8590831921875001 0.8187134500000001 0.7979626484375 0.8033625734375001 0.7860780984375 0.8099415203125 0.6604414265624999 0.6834795328125 0.6383701187499999 0.6856725140625 0.971137521875 0.777777778125 0.969439728125 0.8062865499999999 0.9473684203125 0.8026315796875 0.862478778125 0.8223684203125 0.8590831921875001