0 0.284135540625 0.059696254687500006 0.26199510937500003 0.0609399265625 0.17765060625 0.0692310734375 0.17501484218750002 0.12022162343750001 0.2730653234375 0.11607605000000001 0.34844822343750004 0.12022162343750001 0.34897537500000003 0.042284846875 0.28255408125 0.038139273437499996 0.284135540625 0.059696254687500006
0 0.176069146875 0.1612627984375 0.2699024046875 0.1579463390625 0.3516111421875 0.160848240625 0.3553012140625 0.12478175312499999 0.26832094687499997 0.11856339375 0.172906228125 0.11856339375 0.176069146875 0.1612627984375
0 0.14391280625 0.204791315625 0.2793911609375 0.2014748578125 0.34581245625 0.204791315625 0.3531926015625 0.165822928125 0.260940803125 0.160848240625 0.15867309375 0.15545899531250001 0.14391280625 0.204791315625
0 0.177123453125 0.2487343921875 0.278864009375 0.24168691718750002 0.3516111421875 0.23961413125000003 0.35213829531249996 0.209351446875 0.26832094687499997 0.20023118593749997 0.172906228125 0.20562043124999999 0.177123453125 0.2487343921875
0 0.173960534375 0.284386321875 0.273592478125 0.2827280921875 0.3595184375 0.286873665625 0.34844822343750004 0.243345146875 0.274646784375 0.24293058906249998 0.16499893125 0.24375970468750002 0.173960534375 0.284386321875
0 0.206644028125 0.3324749703125 0.2656851796875 0.322940153125 0.34581245625 0.32832939843750003 0.3537197546875 0.2897755671875 0.267266640625 0.281898978125 0.1982095796875 0.2885318953125 0.206644028125 0.3324749703125
0 0.2013724984375 0.37600348906250003 0.2693752515625 0.36439588437500003 0.340013771875 0.366468671875 0.3468667640625 0.330402184375 0.270429559375 0.322940153125 0.19715527187499998 0.33620598749999997 0.2013724984375 0.37600348906250003
0 0.20717118281250002 0.409168075 0.273592478125 0.4021206015625 0.3437038453125 0.41289909218750004 0.3415952328125 0.3681269 0.271483865625 0.36895601562499997 0.19873673281249998 0.37766171875 0.20717118281250002 0.409168075
0 0.15867309375 0.45020925 0.2730653234375 0.443990890625 0.342122384375 0.451038365625 0.3447581515625 0.417459221875 0.270429559375 0.40129148593749997 0.14918433749999999 0.39880414218750004 0.15867309375 0.45020925
0 0.19557381406250002 0.490006753125 0.2725381703125 0.48213016406250003 0.34581245625 0.4941523265625 0.3473939171875 0.449380134375 0.2656851796875 0.44108898906249994 0.18503075156249998 0.44772190624999997 0.19557381406250002 0.490006753125
0 0.5155557671875 0.035237371875 0.3690071953125 0.03357914375 0.36848004218749997 0.0874715953125 0.458623228125 0.07379120312500001 0.5166100734375 0.07959500625 0.5155557671875 0.035237371875
0 0.458096075 0.07379120312500001 0.36584427656249996 0.0912026109375 0.3737515734375 0.122294409375 0.4602046875 0.1131741484375 0.56299955 0.12146529375 0.559309478125 0.08000956249999999 0.458096075 0.07379120312500001
0 0.3748058796875 0.1637501421875 0.461786146875 0.15628810937499998 0.5208272984375 0.16001912499999998 0.5208272984375 0.11856339375 0.458096075 0.1140032625 0.36848004218749997 0.12561086875 0.3748058796875 0.1637501421875
0 0.37586018593750004 0.20562043124999999 0.456514615625 0.19774384218750002 0.5229359109375 0.2039622015625 0.5192458390625 0.16292102656250002 0.46125899375 0.15877545312500002 0.3700615015625 0.1670666 0.37586018593750004 0.20562043124999999
0 0.3748058796875 0.24375970468750002 0.46494906562500005 0.2391995734375 0.5123928484375 0.24541793437499998 0.5176643796875 0.20437675937500002 0.46125899375 0.19857295625 0.3716429609375 0.20769321718749997 0.3748058796875 0.24375970468750002
0 0.3737515734375 0.2897755671875 0.461786146875 0.2789970765625 0.5181915328125 0.2839717640625 0.5150286140625 0.24707616250000003 0.4559874625 0.2400286890625 0.3700615015625 0.24666160625 0.3737515734375 0.2897755671875
0 0.3737515734375 0.32832939843750003 0.460731840625 0.3225255953125 0.5139743078125 0.32874395624999997 0.5160829203125 0.29019012499999997 0.45387885 0.279826190625 0.3721701140625 0.2910192390625 0.3737515734375 0.32832939843750003
0 0.3711158078125 0.373930703125 0.458096075 0.3610794265625 0.5102842359374999 0.37061424375 0.5113385421875 0.33164585625 0.455460309375 0.3237692671875 0.3748058796875 0.3295730703125 0.3711158078125 0.373930703125
0 0.3742787265625 0.41124086093749995 0.458623228125 0.402949715625 0.5139743078125 0.41041174687500004 0.5171372265625 0.3768326046875 0.458623228125 0.36066486875 0.3748058796875 0.3743452609375 0.3742787265625 0.41124086093749995
0 0.3690071953125 0.45269659375 0.463894759375 0.444405446875 0.5181915328125 0.44772190624999997 0.5150286140625 0.4108263046875 0.454406003125 0.403364271875 0.3674257359375 0.41497187812499997 0.3690071953125 0.45269659375
0 0.3705886546875 0.49166498281250004 0.4602046875 0.47881370624999997 0.559309478125 0.5016143578125 0.5524564859375001 0.44150354687500004 0.45493315624999997 0.4460636765625 0.36637142968749997 0.453940265625 0.3705886546875 0.49166498281250004
0 0.3753330328125 0.5754055609375001 0.44860731875 0.56877264375 0.5123928484375 0.576234675 0.5245173703125 0.5696017578125 0.567216775 0.570016315625 0.5656353140625 0.5152947484375 0.5002683265625001 0.50575993125 0.48761665 0.516538421875 0.3748058796875 0.5198548796875 0.3753330328125 0.5754055609375001
0 0.2709567125 0.56669985625 0.35213829531249996 0.5704308734375 0.3468667640625 0.524000453125 0.270429559375 0.5136365203125 0.20769833593749998 0.5248295671875 0.206644028125 0.5704308734375 0.2709567125 0.56669985625
0 0.20980694843749997 0.6139593921875 0.2751739375 0.6069119171875 0.34581245625 0.6152030640625 0.3516111421875 0.57374733125 0.270429559375 0.5683580859374999 0.20506257031250003 0.5754055609375001 0.20980694843749997 0.6139593921875
0 0.489198109375 0.6106429328125 0.5176643796875 0.5998644421875 0.5181915328125 0.57582011875 0.4517702375 0.5683580859374999 0.3711158078125 0.579551134375 0.3726972671875 0.61976319375 0.45387885 0.608570146875 0.489198109375 0.6106429328125
0 0.206644028125 0.6139593921875 0.17501484218750002 0.6234942109375 0.18239498437499999 0.65375689375 0.2699024046875 0.6496113218749999 0.349502528125 0.655000565625 0.3473939171875 0.61478850625 0.270429559375 0.6069119171875 0.206644028125 0.6139593921875
0 0.3705886546875 0.6574879109375 0.45071593125 0.64878220625 0.5029040921875 0.65085499375 0.5651081609374999 0.6458803046875 0.5645810078125 0.5973770984375 0.5255716765625 0.599035328125 0.4902524171875 0.6176904078125001 0.453351696875 0.608984703125 0.3742787265625 0.6185195218749999 0.3705886546875 0.6574879109375
0 0.20769833593749998 0.693554396875 0.26252226093750003 0.68982338125 0.3510839890625 0.6972854125 0.3500296828125 0.6591461390625 0.155510175 0.6479530921875 0.1534015625 0.6918961671875 0.20769833593749998 0.693554396875
0 0.5624723953124999 0.6462948625 0.45967753437500003 0.6516841078125 0.37586018593750004 0.6574879109375 0.36637142968749997 0.6964562984375 0.457568921875 0.6889942671875 0.5651081609374999 0.6985290843749999 0.5624723953124999 0.6462948625
0 0.3479210703125 0.6993582 0.2693752515625 0.6931398390625 0.147075725 0.6894088234375 0.140222734375 0.703089215625 0.15656448125 0.7196715078125 0.2013724984375 0.7196715078125 0.20875264218749998 0.7437158328125 0.2751739375 0.7341810140625 0.346339609375 0.7399848171875 0.3479210703125 0.6993582
0 0.5234630640625 0.70184554375 0.4559874625 0.6952126265625 0.3726972671875 0.7014309859375001 0.3726972671875 0.7329373421875001 0.451243084375 0.7304499984375 0.5123928484375 0.7387411453125 0.5234630640625 0.70184554375
0 0.2693752515625 0.7374974734374999 0.154983021875 0.7304499984375 0.15287440937500002 0.746617734375 0.153928715625 0.78144055 0.2018996515625 0.780611434375 0.27570109062500003 0.7731494031249999 0.346339609375 0.7822696640625 0.3468667640625 0.7399848171875 0.2693752515625 0.7374974734374999
0 0.567216775 0.778124090625 0.5645810078125 0.7283772125 0.5123928484375 0.7391557015625 0.454406003125 0.7333519 0.3679528890625 0.7379120312499999 0.36848004218749997 0.7826842203125 0.457568921875 0.7735639609375 0.567216775 0.778124090625
0 0.2029539578125 0.821652609375 0.274646784375 0.8121177906250001 0.3468667640625 0.82289628125 0.343176690625 0.7822696640625 0.2693752515625 0.778124090625 0.2013724984375 0.7822696640625 0.2029539578125 0.821652609375
0 0.3679528890625 0.8112886765624999 0.458096075 0.8034120874999999 0.5440220359375 0.8108741187499999 0.5461306484375 0.780611434375 0.457568921875 0.7739785171875 0.3647899703125 0.78434245 0.3679528890625 0.8112886765624999
0 0.20875264218749998 0.8622792265625 0.26673948593749996 0.853573521875 0.3415952328125 0.860620996875 0.33948661874999997 0.8224817234374999 0.267266640625 0.814605134375 0.1997910375 0.8282855265625001 0.20875264218749998 0.8622792265625
0 0.5324246671874999 0.8477697203125001 0.5477121078125 0.8477697203125001 0.5514021796875 0.8154342484375 0.4559874625 0.804655759375 0.3700615015625 0.814190578125 0.36848004218749997 0.8581336531250001 0.5318975140625 0.8552317531250001 0.5324246671874999 0.8477697203125001
0 0.20348110937500002 0.9020767296875001 0.27411963125 0.892127353125 0.34844822343750004 0.90788053125 0.3452853046875 0.8610355546875 0.267266640625 0.8548171953124999 0.1997910375 0.8664248000000001 0.20348110937500002 0.9020767296875001
0 0.3632085109375 0.9004185 0.44860731875 0.8925419109374999 0.451243084375 0.93192485625 0.4902524171875 0.933168528125 0.5007954796874999 0.9132697765625 0.5398048109375 0.9128552203125 0.5482392609375 0.8560608671875001 0.47180205624999993 0.8539880796875 0.3668985828125 0.860620996875 0.3632085109375 0.9004185
0 0.19030228124999998 0.9016621718750001 0.176069146875 0.9584565250000001 0.3426495375 0.9567982953125 0.3373780078125 0.910367875 0.19030228124999998 0.9016621718750001
0 0.8708569796875001 0.69687085625 0.88140004375 0.6131302765625 0.8782371250000001 0.5613106109375 0.7786051828125 0.56379795625 0.78071379375 0.6168612921875 0.774915109375 0.6993582 0.8708569796875001 0.69687085625
0 0.769643578125 0.7055765593750001 0.777550875 0.6152030640625 0.7648992 0.5575795968749999 0.6968964453125001 0.5588232671875 0.7079666609374999 0.6168612921875 0.6926792203125001 0.7026746578124999 0.769643578125 0.7055765593750001
0 0.8740198984375 0.5513612359375 0.8866715734374999 0.475497246875 0.8740198984375 0.41041174687500004 0.7796594875 0.412484534375 0.7875667843749999 0.47508268906250006 0.7786051828125 0.5472156625 0.8740198984375 0.5513612359375
0 0.777550875 0.5492884499999999 0.7849310203125001 0.4808864921875 0.771752190625 0.40999719062500006 0.7100752734375 0.4108263046875 0.7084938140625 0.47674091875 0.6984779046875 0.5488738921875 0.777550875 0.5492884499999999
0 0.8708569796875001 0.3163072359375 0.8771828171875 0.24790527812500002 0.8666397546875 0.191110925 0.780186640625 0.19152548281249998 0.7844038656250001 0.24293058906249998 0.7764965687500001 0.31257621874999997 0.8708569796875001 0.3163072359375
0 0.772806496875 0.31257621874999997 0.78071379375 0.24293058906249998 0.7754422640625 0.19152548281249998 0.6984779046875 0.1906963671875 0.7069123546875 0.24790527812500002 0.702167978125 0.30760153125 0.772806496875 0.31257621874999997
0 0.790729703125 0.1799178765625 0.7954740828125 0.107784903125 0.7875667843749999 0.0319209140625 0.6979507515625001 0.031091800000000003 0.7037494359375 0.10654123124999999 0.6958421390625 0.1757723046875 0.790729703125 0.1799178765625
0 0.7875667843749999 0.180332434375 0.8640039890625 0.18157610625 0.8771828171875 0.10819946093749999 0.8592596109375 0.039797503125 0.79336546875 0.038139273437499996 0.8017999203124999 0.1057121171875 0.7875667843749999 0.180332434375
0 0.9768147609375 0.1301709984375 0.9694346171875001 0.0684019578125 0.9457127249999999 0.01948419375 0.8640039890625 0.0153386203125 0.8524066203125 0.0348228140625 0.8698026734375001 0.0684019578125 0.8782371250000001 0.11731972187499999 0.8661126015624999 0.1944273828125 0.9414955015625001 0.192354596875 0.9768147609375 0.1301709984375