0 0.0747971609375 0.038580246875 0.0722616640625 0.24228394999999997 0.1977687625 0.2438271609375 0.1977687625 0.035493826562500004 0.0747971609375 0.038580246875
0 0.335953346875 0.141975309375 0.3245436109375 0.23456790156250001 0.44117647031249996 0.23919753125 0.45005070937499997 0.024691357812500002 0.362576065625 0.0339506171875 0.3507437453125 0.050411521875 0.30425963437500003 0.061728395312499997 0.30552738281249997 0.13580246875 0.335953346875 0.141975309375
0 0.45385395468749995 0.2644032921875 0.6473968890624999 0.28086419687499997 0.6533130500000001 0.1399176953125 0.66514536875 0.12654320937500002 0.672751859375 0.004115226562499999 0.4994929 0.0020576140625 0.4961122390625 0.048353909375 0.4623056109375 0.0524691359375 0.45385395468749995 0.2644032921875
0 0.51301555 0.3652263375 0.5121703859375 0.4104938265625 0.580628803125 0.3971193421875 0.6473968890624999 0.4176954734375 0.65162271875 0.39917695468750003 0.6668357 0.4074074078125 0.6735970250000001 0.3148148140625 0.640635565625 0.31172839531249996 0.6347194046875 0.279835390625 0.461460446875 0.281893003125 0.45300879062500005 0.3343621390625 0.4986477359375 0.3343621390625 0.51301555 0.3652263375
0 0.005070993750000001 0.8405349796875001 0.0033806625 0.9650205765625 0.14367816093750002 0.9742798359375 0.1453684921875 0.9259259265625 0.1757944546875 0.9176954734375 0.181710615625 0.719135803125 0.0693035828125 0.7170781890625 0.05662609843750001 0.7716049375 0.0329614609375 0.779835390625 0.005070993750000001 0.8405349796875001
0 0.3532792421875 1 0.364266396875 0.9650205765625 0.36933739062500004 0.931069959375 0.372718053125 0.8518518515625001 0.34398242031250004 0.84670781875 0.3380662609375 0.7469135796875 0.2332657203125 0.75 0.22650439375000003 0.796296296875 0.190162271875 0.799382715625 0.18255578125 0.8127572015625001 0.180020284375 1 0.3532792421875 1
0 0.5747126437500001 0.9969135796874999 0.580628803125 0.9393004109374999 0.5527383359375 0.9341563796875001 0.55780933125 0.818930040625 0.5282285328125 0.813786009375 0.5425963484375 0.7860082312500001 0.4648411078125 0.7839506171874999 0.4563894515625 0.8055555562500001 0.4192021640625 0.8065843625 0.4073698453125 0.9989711937499999 0.5747126437500001 0.9969135796874999
0 0.7234617984375 0.779835390625 0.580628803125 0.778806584375 0.5823191343749999 0.9938271609375 0.7217714671875 0.9938271609375 0.7234617984375 0.779835390625
0 0.6533130500000001 0.5226337437499999 0.6550033796875 0.42386831249999996 0.58147396875 0.4012345671875 0.50794455625 0.4094650203125 0.5037187296875001 0.529835390625 0.5383705203125 0.5329218109375 0.5425963484375 0.5236625515625 0.6533130500000001 0.5226337437499999
0 0.9136240703125 0.8446502062500001 0.9102434078125 0.7829218109375 0.848546315625 0.7716049375 0.75557809375 0.7921810703125 0.749661934375 0.9104938265625 0.7674104125000001 0.9053497937499999 0.768255578125 0.9845679015625001 0.8510818125 0.9732510281250001 0.9153144015624999 0.9845679015625001 0.9093982421875 0.9290123453125 0.9288370515625 0.9238683125 0.9263015546875 0.8590534968749999 0.9136240703125 0.8446502062500001
0 0.8155848546875 0.546296296875 0.8189655171875 0.313786009375 0.7014874921875001 0.30967078125 0.700642325 0.5648148140625 0.7893847187499999 0.5648148140625 0.7953008796875001 0.547325103125 0.8155848546875 0.546296296875
0 0.77586206875 0.30967078125 0.8409398250000001 0.3106995890625 0.8375591609375 0.22839506250000002 0.8198106828125 0.22736625625 0.8181203515625001 0.03600823125 0.7936105484375 0.037037037499999995 0.7944557125 0.017489712499999997 0.7014874921875001 0.018518518749999997 0.6997971609375 0.27777777812500004 0.770791075 0.281893003125 0.77586206875 0.30967078125
0 0.9829276546875001 0.49588477343750004 0.9829276546875001 0.21090535 0.9719405 0.20987654375 0.9710953343750001 0.16460905312500002 0.9127789046875 0.15226337343750002 0.8451656515625 0.1697530859375 0.8426301546875001 0.20987654375 0.8375591609375 0.3024691359375 0.8400946578124999 0.5164609046875 0.9034820828125 0.5020576140624999 0.9499661937500001 0.5164609046875 0.951656525 0.49691357968750005 0.9829276546875001 0.49588477343750004