0 0.091235184375 0.3268194078125 0.103711790625 0.3234501359375 0.07407985 0.21226415156249998 0.0397691828125 0.23584905625000002 0.0733000625 0.3807277625 0.098253275 0.37398921875 0.091235184375 0.3268194078125
0 0.1013724265625 0.3133423171875 0.1130692453125 0.31895777187499996 0.1193075484375 0.347035040625 0.140361821875 0.33917340625 0.1333437296875 0.29649595781250004 0.1060511546875 0.19654088125 0.07407985 0.21001797031249997 0.1013724265625 0.3133423171875
0 0.1614160953125 0.3335579515625 0.1504990640625 0.294249775 0.166094821875 0.28301886718749997 0.139582034375 0.1785714296875 0.1068309421875 0.1942947 0.140361821875 0.3402964953125 0.1614160953125 0.3335579515625
0 0.177791640625 0.27628032343750003 0.188708671875 0.3066037734375 0.2043044296875 0.3021114109375 0.172333125 0.1606019765625 0.140361821875 0.17520215625 0.166094821875 0.2785265046875 0.177791640625 0.27628032343750003
0 0.22145976250000002 0.30098831875 0.213661884375 0.2594339625 0.23081721718749998 0.25381850781250004 0.200405490625 0.14375561406249998 0.1731129140625 0.1606019765625 0.20508421718749997 0.3066037734375 0.22145976250000002 0.30098831875
0 0.239394884375 0.24258760000000001 0.250311915625 0.2751572328125 0.26746724843749997 0.2684186890625 0.23627573281249997 0.1269092546875 0.2043044296875 0.14150943437500002 0.226138490625 0.24707996406250002 0.239394884375 0.24258760000000001
0 0.2900810984375 0.269541778125 0.28150343125 0.22798742187499998 0.2955396140625 0.2156334234375 0.26746724843749997 0.111185984375 0.237835309375 0.124663071875 0.2721459765625 0.2740341421875 0.2900810984375 0.269541778125
0 0.30567685624999996 0.21226415156249998 0.313474734375 0.24595687187499998 0.3345290078125 0.232479784375 0.2963194 0.0999550765625 0.26902682499999997 0.1123090734375 0.2939800375 0.2156334234375 0.30567685624999996 0.21226415156249998
0 0.3470056140625 0.2268643296875 0.33686837187499996 0.1931716078125 0.35636306875 0.1875561546875 0.33063006875 0.07861635156249999 0.299438553125 0.09321653125 0.3345290078125 0.23472596562499998 0.3470056140625 0.2268643296875
0 0.3329694328125 0.07861635156249999 0.3657205234375 0.23697214843749997 0.40548970625 0.22237196718750002 0.361821584375 0.06289308125000001 0.3329694328125 0.07861635156249999
0 0.417186525 0.1898023359375 0.4148471609375 0.15947888593749998 0.4218652515625 0.15386343281249998 0.3953524640625 0.0471698109375 0.3641609484375 0.06289308125000001 0.40003119062500003 0.1987870609375 0.417186525 0.1898023359375
0 0.4312227078125 0.1471248890625 0.44369931406249996 0.180817609375 0.46553337499999997 0.1673405203125 0.435121646875 0.023584906250000003 0.396912040625 0.0426774484375 0.42108546562500004 0.15161724999999998 0.4312227078125 0.1471248890625
0 0.5489706796875 0.1471248890625 0.57782283125 0.048292903124999995 0.545071740625 0.026954178125 0.507641921875 0.16621743125 0.532595134375 0.1785714296875 0.5388334375 0.14487870625 0.5489706796875 0.1471248890625
0 0.5645664375 0.1583557953125 0.559107921875 0.19654088125 0.5747036796875 0.211141059375 0.6113537124999999 0.06626235312499999 0.5770430453125 0.0471698109375 0.55208983125 0.152740340625 0.5645664375 0.1583557953125
0 0.5949781656249999 0.21226415156249998 0.6004366812499999 0.1909254265625 0.6152526515625001 0.1909254265625 0.642545228125 0.08423180625 0.6113537124999999 0.06289308125000001 0.5762632562500001 0.197663971875 0.5949781656249999 0.21226415156249998
0 0.6277292578125 0.1931716078125 0.6207111671875001 0.22574124062499998 0.643325015625 0.232479784375 0.67217716875 0.0988319859375 0.641765440625 0.0819856234375 0.6144728640625 0.1886792453125 0.6277292578125 0.1931716078125
0 0.66048035 0.24820305468749998 0.6651590765625001 0.2201257859375 0.6791952593749999 0.221248878125 0.704928259375 0.113432165625 0.67451653125 0.0954627140625 0.6386462875000001 0.23584905625000002 0.66048035 0.24820305468749998
0 0.690892078125 0.2302336015625 0.6776356828125001 0.25718778124999997 0.7018091078124999 0.27066486875 0.7392389265625 0.1302785265625 0.7080474109375 0.113432165625 0.6752963203125 0.2190026953125 0.690892078125 0.2302336015625
0 0.717404865625 0.2740341421875 0.72364316875 0.24707996406250002 0.7415782906249999 0.25494159843749997 0.7696506546874999 0.14824797812499999 0.7376793515625 0.1314016171875 0.6994697453125001 0.2650494171875 0.717404865625 0.2740341421875
0 0.753275109375 0.263926325 0.7517155343749999 0.286388140625 0.7634123515625 0.2998652296875 0.802401746875 0.16621743125 0.7712102296875 0.14600179687499998 0.742358078125 0.25269541875 0.753275109375 0.263926325
0 0.7852464125 0.3155885 0.7922645046875 0.28301886718749997 0.8055208984375 0.294249775 0.83437305 0.1774483375 0.802401746875 0.1617250671875 0.7641921390624999 0.29874213906249997 0.7852464125 0.3155885
0 0.8187772921875001 0.29649595781250004 0.814878353125 0.324573225 0.826575171875 0.3402964953125 0.8655645671875 0.197663971875 0.8359326265625 0.180817609375 0.8047411109375 0.286388140625 0.8187772921875001 0.29649595781250004
0 0.864004990625 0.1931716078125 0.8273549593749999 0.3447888578125 0.8601060515625001 0.3661275828125 0.8959762953125001 0.211141059375 0.864004990625 0.1931716078125
0 0.881160325 0.3301886796875 0.8733624453125 0.35938903906249997 0.89285714375 0.367250675 0.932626325 0.232479784375 0.8975358703125 0.2088948796875 0.8694635046875 0.324573225 0.881160325 0.3301886796875
0 0.9139114156250001 0.37848158125000003 0.91936993125 0.35938903906249997 0.937305053125 0.3717430359375 0.9669369937500001 0.25718778124999997 0.9287273859375 0.23135669375 0.889737990625 0.36949685468750004 0.9139114156250001 0.37848158125000003
0 0.0990330640625 0.4627133875 0.127885215625 0.634546271875 0.189488459375 0.601976640625 0.1614160953125 0.47394429374999997 0.140361821875 0.47955974843750004 0.1263256390625 0.4492362984375 0.0990330640625 0.4627133875
0 0.1933873984375 0.41217430312500003 0.1699937625 0.4278975734375 0.1801310046875 0.4537286625 0.1551777921875 0.4694519328125 0.191048034375 0.601976640625 0.21054273281250002 0.58625336875 0.21132252031249998 0.5592991921875 0.22769806718750002 0.550314465625 0.2191204 0.5143755609375 0.224578915625 0.5076370171875 0.215221459375 0.47057502187500005 0.1933873984375 0.41217430312500003
0 0.213661884375 0.38522012656250004 0.251871490625 0.571653190625 0.30645664375 0.5334681031249999 0.2666874609375 0.3616352203125 0.213661884375 0.38522012656250004
0 0.348565190625 0.4503593890625 0.312694946875 0.3504043125 0.28306300625 0.36949685468750004 0.289301309375 0.3975741234375 0.275265128125 0.41217430312500003 0.30567685624999996 0.5233602875 0.34466625156249997 0.491913746875 0.3392077359375 0.457097934375 0.348565190625 0.4503593890625
0 0.3329694328125 0.3447888578125 0.37429819062499997 0.4896675640625 0.4203056765625 0.4537286625 0.391453525 0.349281221875 0.3711790390625 0.35826594843750004 0.3633811609375 0.3200808625 0.3329694328125 0.3447888578125
0 0.46241422343750005 0.3897124890625 0.4320024953125 0.295372865625 0.40159076718750003 0.3099730453125 0.40470991874999995 0.3380503140625 0.3937928890625 0.349281221875 0.42342482812500004 0.4548517515625 0.45695570781250006 0.42902066562499996 0.45383655625 0.3953279421875 0.46241422343750005 0.3897124890625
0 0.5279164078125 0.2796495953125 0.46787273906250004 0.45260557031250004 0.5310355578125 0.4773135671875 0.5637866500000001 0.34591194999999997 0.545851528125 0.3301886796875 0.55286961875 0.2897574125 0.5279164078125 0.2796495953125
0 0.6051154078125001 0.398697215625 0.618371803125 0.3414195859375 0.5731441046875 0.324573225 0.5380536499999999 0.457097934375 0.5793824078124999 0.4694519328125 0.58951965 0.440251571875 0.59965689375 0.43912848125000004 0.6051154078125001 0.398697215625
0 0.6597005609375 0.3919586703125 0.6698378046875 0.36500449218750003 0.641765440625 0.3515274046875 0.62305053125 0.41217430312500003 0.6090143484375 0.4492362984375 0.6129132875 0.488544475 0.6495633187500001 0.51662174375 0.6784154703125 0.40880503125 0.6597005609375 0.3919586703125
0 0.705708046875 0.5008984734374999 0.717404865625 0.49415992812500004 0.7220835921875 0.4627133875 0.7345602 0.40094339687499997 0.70024953125 0.384097034375 0.694791015625 0.41217430312500003 0.679975046875 0.40431266875 0.64800374375 0.5211141046875001 0.6955708046875 0.53009883125 0.705708046875 0.5008984734374999
0 0.7540548968749999 0.4110512125 0.7150655015625 0.5536837375 0.7618527765625001 0.58176100625 0.7946038671875 0.4627133875 0.7758889578125 0.4503593890625 0.7805676859374999 0.4234052109375 0.7540548968749999 0.4110512125
0 0.8335932625 0.5660377359375001 0.8367124140625 0.528975740625 0.851528384375 0.47057502187500005 0.8063006859374999 0.4278975734375 0.7634123515625 0.58176100625 0.8070804734375001 0.5952380953125 0.8203368671875 0.5626684640625 0.8335932625 0.5660377359375001
0 0.2721459765625 0.692946990625 0.287741734375 0.678346809375 0.26122894531249996 0.5727762796875 0.16843418593749998 0.6143306390625 0.1801310046875 0.6761006296875001 0.201965065625 0.66150045 0.2354959453125 0.7502246171875 0.275265128125 0.7255166203125001 0.2721459765625 0.692946990625
0 0.32751091718750003 0.5345911953125 0.273705553125 0.5705300984375 0.313474734375 0.7322551671875 0.350124765625 0.7053009890624999 0.3423268875 0.6626235390625 0.35714285625 0.66150045 0.32751091718750003 0.5345911953125
0 0.38443543281250003 0.6873315359375 0.4148471609375 0.6738544484375 0.40003119062500003 0.606469003125 0.40470991874999995 0.60309973125 0.39223331250000004 0.5581761000000001 0.3805364953125 0.5604222812499999 0.36650031250000004 0.5132524703125 0.3282907046875 0.53009883125 0.3587024328125 0.6570080859375 0.3781971296875 0.6525157234375001 0.38443543281250003 0.6873315359375
0 0.4148471609375 0.4997753828125 0.4218652515625 0.670485175 0.4553961328125 0.6570080859375 0.45383655625 0.6075920921875 0.4748908296875 0.6075920921875 0.471771678125 0.48292902031249996 0.4148471609375 0.4997753828125
0 0.4943855265625 0.66374663125 0.5247972546875 0.6603773578125 0.5224578921874999 0.5694070078125 0.5279164078125 0.5660377359375001 0.5279164078125 0.5323450140625 0.5185589515625 0.53009883125 0.5154398 0.491913746875 0.4694323140625 0.4896675640625 0.47255146562499994 0.6075920921875 0.49594510312500006 0.606469003125 0.4943855265625 0.66374663125
0 0.569245165625 0.505390834375 0.52635683125 0.6761006296875001 0.5614472859374999 0.6817160828125 0.5715845296875 0.643530996875 0.58951965 0.6536388140625 0.6214909546875 0.5357142859375 0.569245165625 0.505390834375
0 0.59965689375 0.7053009890624999 0.630068621875 0.721024259375 0.64800374375 0.640161725 0.6526824703125 0.643530996875 0.6589207734375 0.6042228203125 0.653462259375 0.6008535484374999 0.6635995015625 0.5705300984375 0.62461010625 0.543575921875 0.593418590625 0.6491464515625001 0.613693075 0.6603773578125 0.59965689375 0.7053009890624999
0 0.6854335625 0.5581761000000001 0.642545228125 0.7300089843750001 0.6830941984375001 0.7378706187499999 0.6916718656249999 0.701931715625 0.7064878343750001 0.70979335 0.740018715625 0.5896226421875 0.6854335625 0.5581761000000001
0 0.716625078125 0.7569631625000001 0.7446974421875 0.77605570625 0.7641921390624999 0.7075471703125 0.77276980625 0.7075471703125 0.778228321875 0.6873315359375 0.8008421718750001 0.701931715625 0.8195570812499999 0.6255615453125001 0.742358078125 0.5851302781250001 0.7080474109375 0.7109164421874999 0.729101684375 0.721024259375 0.716625078125 0.7569631625000001
0 0.350124765625 0.8322102421875 0.3399875234375 0.8041329734374999 0.3048970671875 0.8221024265624999 0.317373675 0.8524258765624999 0.35480349375000003 0.9681042234375001 0.39769182812500004 0.94901168125 0.3672801 0.8221024265624999 0.350124765625 0.8322102421875
0 0.43356207031249994 0.9186882296875 0.4273237671875 0.8816262359374999 0.43824079843749997 0.879380053125 0.42810355624999996 0.8322102421875 0.42108546562500004 0.8355795140625 0.40393013125 0.7726864328125 0.3766375546875 0.783917340625 0.38599500937500003 0.820979334375 0.36650031250000004 0.834456425 0.3992514046875 0.9467654984375 0.43356207031249994 0.9186882296875
0 0.45461634375 0.9265498640625 0.45383655625 0.9445193171874999 0.46709295156249997 0.9456424078125 0.4748908296875 0.980458221875 0.495165315625 0.9692273124999999 0.4936057390625 0.954627134375 0.5123206484375 0.9557502250000001 0.5162195890625 0.78279425 0.49594510312500006 0.779424978125 0.49282595156250003 0.7457322546875 0.46553337499999997 0.7491015265625001 0.4616344359375 0.8479335125 0.4452588890625 0.8513027843750001 0.446818465625 0.89285714375 0.4647535875 0.8906109609374999 0.46709295156249997 0.924303684375 0.45461634375 0.9265498640625
0 0.5848409234374999 0.8456873312500001 0.5653462265625 0.84344115 0.5676855890625 0.7906558859375 0.5372738609375001 0.781671159375 0.533374921875 0.809748428125 0.5169993765625 0.8086253359375 0.5162195890625 0.8086253359375 0.509201496875 0.9725965859375 0.5224578921874999 0.9725965859375 0.5466313171875 0.9557502250000001 0.5466313171875 0.931042228125 0.556768559375 0.931042228125 0.5559887703124999 0.896226415625 0.5848409234374999 0.902964959375 0.5848409234374999 0.8456873312500001