0 0.061157025 0.058840834375 0.0504132234375 0.3089143875 0.10413223125 0.31332745 0.1024793390625 0.0632538984375 0.061157025 0.058840834375
0 0.10495867656249999 0.055898793749999995 0.10495867656249999 0.3059723453125 0.14876033125000002 0.307443365625 0.1454545453125 0.0500147109375 0.10495867656249999 0.055898793749999995
0 0.1471074375 0.06766696093749999 0.1495867765625 0.2780229484375 0.1876033046875 0.269196821875 0.18347107499999998 0.07649308593750001 0.1471074375 0.06766696093749999
0 0.1884297515625 0.0691379828125 0.1892561984375 0.303030303125 0.22479338750000002 0.29714622031250004 0.22479338750000002 0.072080025 0.1884297515625 0.0691379828125
0 0.5123966953125 0.28243601093750004 0.556198346875 0.2912621359375 0.5570247937499999 0.2103559875 0.6033057859375 0.20888496562499997 0.5983471078125 0.1132686078125 0.5636363640625001 0.1132686078125 0.557851240625 0.052956753125 0.5140495859375 0.0617828765625 0.5123966953125 0.28243601093750004
0 0.061157025 0.4869079140625 0.05950413125 0.667843484375 0.1123966953125 0.6649014421875 0.10330578593749999 0.44866137031250003 0.08347107499999999 0.44719034999999996 0.082644628125 0.491320978125 0.061157025 0.4869079140625
0 0.10495867656249999 0.45013239218749995 0.1148760328125 0.6487202125 0.152066115625 0.6501912328125 0.1413223140625 0.45748749687499995 0.10495867656249999 0.45013239218749995
0 0.1446280984375 0.4869079140625 0.1528925625 0.653133275 0.1892561984375 0.6487202125 0.18595041406249999 0.43983524531249996 0.1586776859375 0.44277728749999995 0.1628099171875 0.48249485156249994 0.1446280984375 0.4869079140625
0 0.2140495859375 0.436893203125 0.1884297515625 0.4339511625 0.190909090625 0.647249190625 0.225619834375 0.6443071484375 0.2289256203125 0.48249485156249994 0.21487603281249998 0.479552809375 0.2140495859375 0.436893203125
0 0.4859504140625 0.70020594375 0.439669421875 0.7016769640625 0.438842975 0.8561341562499999 0.4471074375 0.8649602828124999 0.4553719015625 0.8943806999999999 0.48512396718749995 0.8943806999999999 0.4859504140625 0.8178876125000001 0.5 0.81641659375 0.49834710781249997 0.7561047359375 0.48429752031250006 0.7487496328125001 0.4859504140625 0.70020594375
0 0.217355371875 0.9105619296875 0.2363636359375 0.9120329515625001 0.23388429687499998 0.711974109375 0.1975206609375 0.7016769640625 0.1950413234375 0.8679023234375001 0.21487603281249998 0.8708443656249999 0.217355371875 0.9105619296875
0 0.068595040625 0.9385113265625 0.1148760328125 0.9429243906250001 0.11322314062500001 0.6972639015625 0.043801653125 0.7016769640625 0.042148759375 0.8767284500000001 0.068595040625 0.895851721875 0.068595040625 0.9385113265625
0 0.5528925625000001 0.5722271265625001 0.5330578515625 0.5722271265625001 0.5206611578125 0.41188585 0.4793388421875 0.41335686875000005 0.4801652890625 0.6501912328125 0.5586776859375 0.6501912328125 0.5528925625000001 0.5722271265625001
0 0.6768595046875 0.44571932812500004 0.64876033125 0.6751985875 0.6983471078125 0.68696675625 0.7206611578125 0.4957340390625 0.7115702484375 0.44866137031250003 0.6768595046875 0.44571932812500004
0 0.7239669421875 0.47513974687499994 0.7008264468750001 0.6825536921875 0.7380165296875 0.6957928796874999 0.75950413125 0.47513974687499994 0.7239669421875 0.47513974687499994
0 0.7991735531249999 0.497205059375 0.7619834703125 0.47661076874999997 0.7413223140625 0.6972639015625 0.7760330578125 0.7134451312500001 0.7991735531249999 0.497205059375
0 0.8 0.49279199843750005 0.78181818125 0.7060900265625001 0.8148760328125 0.7105030890624999 0.84049586875 0.497205059375 0.8 0.49279199843750005
0 0.8966942140624999 0.517799353125 0.8421487593749999 0.5060311859375 0.8107438015625 0.7325684031249999 0.8628099171875 0.754633715625 0.8966942140624999 0.517799353125
0 0.7371900828125 0.316269490625 0.7603305781249999 0.104442484375 0.709090909375 0.0867902328125 0.6842975203125 0.298617240625 0.7371900828125 0.316269490625
0 0.757851240625 0.10002942031249999 0.7388429750000001 0.31332745 0.7760330578125 0.32950867968750003 0.7983471078125 0.11915269218749999 0.757851240625 0.10002942031249999
0 0.7975206609375001 0.11915269218749999 0.7752066125 0.3471609296875 0.8231404953125001 0.3427478671875 0.8462809921875 0.139746984375 0.7975206609375001 0.11915269218749999
0 0.8462809921875 0.15004413125 0.8272727265625001 0.3353927625 0.8578512406250001 0.3501029703125 0.882644628125 0.1647543390625 0.8462809921875 0.15004413125
0 0.8859504140625001 0.3177405109375 0.9057851234375001 0.3280376578125 0.929752065625 0.17652250625000002 0.8851239671875 0.16328331875 0.860330578125 0.354516034375 0.8834710749999999 0.354516034375 0.8859504140625001 0.3177405109375
0 0.117355371875 0.9326272421875 0.16363636406249998 0.9326272421875 0.161157025 0.70020594375 0.117355371875 0.6972639015625 0.117355371875 0.9326272421875
0 0.1619834703125 0.70020594375 0.164462809375 0.9046778468750001 0.192561984375 0.9090909093749999 0.1933884296875 0.6987349218750001 0.1619834703125 0.70020594375
0 0.2760330578125 0.9061488671875001 0.2768595046875 0.70020594375 0.23884297499999999 0.6972639015625 0.23884297499999999 0.9135039718750001 0.2760330578125 0.9061488671875001
0 0.29586776875 0.8634892625000001 0.2966942140625 0.9002647828124999 0.31818181874999996 0.903206825 0.317355371875 0.7031479859374999 0.2801652890625 0.6972639015625 0.2793388421875 0.8649602828124999 0.29586776875 0.8634892625000001
0 0.3413223140625 0.9017358046874999 0.3413223140625 0.8708443656249999 0.357851240625 0.8693733453125001 0.35702479375 0.70020594375 0.31818181874999996 0.7060900265625001 0.32231405 0.9061488671875001 0.3413223140625 0.9017358046874999
0 0.3760330578125 0.8752574281250001 0.374380165625 0.8973227421875001 0.39586776874999996 0.903206825 0.3975206609375 0.70020594375 0.35619834687499996 0.6987349218750001 0.357851240625 0.8693733453125001 0.3760330578125 0.8752574281250001
0 0.4231404953125 0.9046778468750001 0.4231404953125 0.8664313031249999 0.439669421875 0.8664313031249999 0.4371900828125 0.70020594375 0.39917355312499997 0.6987349218750001 0.39917355312499997 0.9046778468750001 0.4231404953125 0.9046778468750001
0 0.42892562031250003 0.4221829953125 0.435537190625 0.6501912328125 0.48181818125 0.654604296875 0.47685950468750005 0.42071197343750005 0.42892562031250003 0.4221829953125
0 0.4 0.47366872656250003 0.390909090625 0.47513974687499994 0.3933884296875 0.642836128125 0.43223140468750004 0.642836128125 0.431404959375 0.4221829953125 0.400826446875 0.4265960578125 0.4 0.47366872656250003
0 0.374380165625 0.479552809375 0.3710743796875 0.436893203125 0.3495867765625 0.436893203125 0.35702479375 0.6516622546875 0.392561984375 0.647249190625 0.38842975156250004 0.4810238296875 0.374380165625 0.479552809375
0 0.3280991734375 0.483965871875 0.307438015625 0.4780817875 0.31652892499999996 0.6501912328125 0.3545454546875 0.6443071484375 0.352066115625 0.4295380984375 0.325619834375 0.43983524531249996 0.3280991734375 0.483965871875
0 0.31239669531250003 0.6443071484375 0.3049586765625 0.4869079140625 0.29173553750000003 0.48249485156249994 0.2900826453125 0.44571932812500004 0.2694214875 0.43836422500000005 0.2760330578125 0.6443071484375 0.31239669531250003 0.6443071484375
0 0.24297520625 0.4810238296875 0.229752065625 0.483965871875 0.23388429687499998 0.6619594 0.27272727343750003 0.6649014421875 0.2719008265625 0.44571932812500004 0.2446280984375 0.436893203125 0.24297520625 0.4810238296875
0 0.2272727265625 0.30450132343749997 0.2719008265625 0.3103854078125 0.26528925625 0.072080025 0.22644628125000002 0.07355104375 0.2272727265625 0.30450132343749997
0 0.2793388421875 0.2324213015625 0.28181818125 0.26772580156250003 0.309090909375 0.269196821875 0.30082644687500004 0.0632538984375 0.2677685953125 0.06472491875 0.2694214875 0.23389232187500003 0.2793388421875 0.2324213015625
0 0.3322314046875 0.2721388640625 0.32975206562500003 0.23389232187500003 0.3495867765625 0.2456604890625 0.3471074375 0.066195940625 0.3033057859375 0.06766696093749999 0.3140495859375 0.2721388640625 0.3322314046875 0.2721388640625
0 0.36446280937500003 0.22800823750000002 0.36528925624999997 0.26184171875 0.3942148765625 0.26331273906249997 0.392561984375 0.06031185625 0.3446280984375 0.0632538984375 0.3545454546875 0.2324213015625 0.36446280937500003 0.22800823750000002
0 0.41900826406249997 0.26331273906249997 0.416528925 0.22359517499999998 0.42975206562499996 0.2177110921875 0.4239669421875 0.0617828765625 0.3942148765625 0.06472491875 0.3966942140625 0.26772580156250003 0.41900826406249997 0.26331273906249997
0 0.4446280984375 0.2191821109375 0.4471074375 0.26331273906249997 0.4719008265625 0.251544571875 0.46446280937499995 0.055898793749999995 0.42892562031250003 0.058840834375 0.435537190625 0.216240071875 0.4446280984375 0.2191821109375
0 0.49669421406250003 0.2544866125 0.49834710781249997 0.2132980296875 0.5140495859375 0.2103559875 0.5066115703125 0.0573698140625 0.46363636406250003 0.055898793749999995 0.4719008265625 0.2544866125 0.49669421406250003 0.2544866125