0 0.265151515625 0.08391203593749999 0.26792313437500004 0 0.107169253125 0.001446759375 0.1062453796875 0.085358796875 0.265151515625 0.08391203593749999
0 0.271618625 0.17795138906250002 0.273466371875 0.08969907499999999 0.11086474531249998 0.094039353125 0.10901699843749998 0.18663194375 0.271618625 0.17795138906250002
0 0.107169253125 0.188078703125 0.107169253125 0.289351853125 0.2642276421875 0.2835648140625 0.26884700625 0.18373842499999998 0.107169253125 0.188078703125
0 0.12010347343750001 0.2936921296875 0.1256467109375 0.383391203125 0.2669992609375 0.374710646875 0.265151515625 0.289351853125 0.12010347343750001 0.2936921296875
0 0.12287509218749999 0.38483796406250004 0.1256467109375 0.47309027812500004 0.270694753125 0.46585648125 0.26607538750000004 0.3776041671875 0.12287509218749999 0.38483796406250004
0 0.1284183296875 0.484664353125 0.1284183296875 0.5729166671875 0.26792313437500004 0.5671296296875 0.26607538750000004 0.47164351875 0.1284183296875 0.484664353125
0 0.1311899484375 0.5758101859375 0.1284183296875 0.675636575 0.271618625 0.6553819437499999 0.26884700625 0.5642361109375 0.1311899484375 0.5758101859375
0 0.12749445625 0.675636575 0.129342203125 0.765335646875 0.2669992609375 0.7667824078125001 0.26607538750000004 0.66116898125 0.12749445625 0.675636575
0 0.1191796015625 0.7725694437499999 0.1256467109375 0.859375 0.270694753125 0.8463541671874999 0.2725424984375 0.7682291671875 0.1191796015625 0.7725694437499999
0 0.12195121874999999 0.863715278125 0.1191796015625 0.975115740625 0.28178122656250004 0.9649884249999999 0.27439024375 0.852141203125 0.12195121874999999 0.863715278125
0 0.27716186249999997 0.00289351875 0.278085734375 0.0925925921875 0.467479675 0.08969907499999999 0.46840354843750004 0.001446759375 0.27716186249999997 0.00289351875
0 0.280857353125 0.09548611093750001 0.28178122656250004 0.196759259375 0.4693274203125 0.19097222187500001 0.47025129374999997 0.0925925921875 0.280857353125 0.09548611093750001
0 0.27900960937499997 0.19820601875 0.28178122656250004 0.2879050921875 0.4730229125 0.2922453703125 0.47209903906250006 0.196759259375 0.27900960937499997 0.19820601875
0 0.2827051 0.2936921296875 0.27900960937499997 0.3703703703125 0.4730229125 0.3703703703125 0.4748706578125 0.2907986109375 0.2827051 0.2936921296875
0 0.280857353125 0.374710646875 0.28362897187499997 0.47598379687500003 0.473946784375 0.46875 0.4730229125 0.3761574078125 0.280857353125 0.374710646875
0 0.2827051 0.48032407499999996 0.2845528453125 0.578703703125 0.47856614999999997 0.562789353125 0.4730229125 0.47598379687500003 0.2827051 0.48032407499999996
0 0.286400590625 0.584490740625 0.29286770156249997 0.6814236109375 0.4804138953125 0.6640625 0.47949002187499995 0.570023146875 0.286400590625 0.584490740625
0 0.2845528453125 0.6785300921874999 0.29286770156249997 0.753761575 0.47209903906250006 0.7609953703125 0.47579453125000004 0.665509259375 0.2845528453125 0.6785300921874999
0 0.291943828125 0.7638888890625 0.29286770156249997 0.8709490750000001 0.4776422765625 0.857928240625 0.47856614999999997 0.765335646875 0.291943828125 0.7638888890625
0 0.294715446875 0.8796296296874999 0.2984109390625 0.9620949078125 0.476718403125 0.9548611109375 0.476718403125 0.860821759375 0.294715446875 0.8796296296874999
0 0.675351071875 0.5179398140625 0.8527346640625 0.5222800921874999 0.8564301546875001 0.274884259375 0.83980044375 0.1808449078125 0.7086104953125 0.23148148124999998 0.675351071875 0.5179398140625
0 0.8157797484374999 0.82320601875 0.8074648921875 0.5859375 0.7455654109375 0.590277778125 0.7427937921875001 0.8347800921875 0.8157797484374999 0.82320601875
0 0.8074648921875 0.587384259375 0.8185513671875 0.827546296875 0.8665927578125 0.8203125 0.8619733921874999 0.58304398125 0.8074648921875 0.587384259375
0 0.8610495203124999 0.5772569437499999 0.8693643765625 0.82320601875 0.923872875 0.818865740625 0.9229490015625 0.5772569437499999 0.8610495203124999 0.5772569437499999
0 0.923872875 0.578703703125 0.9284922390625001 0.827546296875 0.9913155953125001 0.81741898125 0.9922394671875001 0.578703703125 0.923872875 0.578703703125
0 0.9312638578125 0.2401620359375 0.8582779015625001 0.23726851875000002 0.8573540281250001 0.515046296875 0.9275683671875001 0.5135995359375001 0.9312638578125 0.2401620359375