0 0.46031746093750003 0.48148148125 0.4609279609375 0.257495590625 0.45238095312500004 0.25044091874999996 0.45177045156249995 0.1622574953125 0.40598290625000005 0.151675484375 0.4072039078125 0.320987653125 0.39377289375 0.3474426796875 0.3931623921875 0.4391534390625 0.40537240625 0.4391534390625 0.4102564109375 0.5079365078125 0.46031746093750003 0.48148148125
0 0.49877899843750007 0.49029982343749995 0.4981684984375 0.1640211640625 0.4639804640625 0.1622574953125 0.4621489625 0.266313934375 0.45970695937499995 0.497354496875 0.49877899843750007 0.49029982343749995
0 0.4993894984375 0.1622574953125 0.5 0.495590828125 0.5396825390625 0.4867724875 0.5378510375000001 0.25044091874999996 0.5299145296875001 0.24338624375 0.5268620265624999 0.16931216875 0.4993894984375 0.1622574953125
0 0.5366300359375 0.259259259375 0.54273504375 0.49029982343749995 0.5811965812500001 0.4867724875 0.577533578125 0.160493828125 0.5457875453125001 0.1552028234375 0.546398046875 0.24514991249999998 0.5366300359375 0.259259259375
0 0.5787545781250001 0.1569664890625 0.5811965812500001 0.48853615625 0.622100121875 0.48853615625 0.61904761875 0.2557319234375 0.6105006109375 0.25044091874999996 0.60622710625 0.1675485 0.5787545781250001 0.1569664890625
0 0.622100121875 0.2539682546875 0.622100121875 0.4920634921875 0.6611721609375001 0.48148148125 0.6599511609375 0.1640211640625 0.625763125 0.1640211640625 0.6269841265625 0.25044091874999996 0.622100121875 0.2539682546875
0 0.659340659375 0.1640211640625 0.6623931625 0.49029982343749995 0.6990231984374999 0.4797178125 0.6990231984374999 0.2539682546875 0.6898656890625 0.2486772484375 0.6868131875000001 0.1675485 0.659340659375 0.1640211640625
0 0.7014652015625 0.1657848328125 0.6984126984375 0.48324515156250003 0.7423687421875 0.4867724875 0.7380952375 0.1622574953125 0.7014652015625 0.1657848328125
0 0.7393162390625 0.16931216875 0.7423687421875 0.49029982343749995 0.7802197796875 0.48853615625 0.7802197796875 0.24514991249999998 0.7728937734375 0.2486772484375 0.76862026875 0.17107583906249998 0.7393162390625 0.16931216875
0 0.7802197796875 0.25044091874999996 0.7796092796874999 0.49029982343749995 0.8199023203125 0.495590828125 0.8180708171875001 0.1675485 0.783882784375 0.1675485 0.7863247859375 0.24514991249999998 0.7802197796875 0.25044091874999996
0 0.8180708171875001 0.1728395046875 0.8199023203125 0.48148148125 0.8589743593750001 0.48324515156250003 0.8595848593750001 0.23985890781250002 0.8516483515625 0.23985890781250002 0.8498168500000001 0.1675485 0.8180708171875001 0.1728395046875
0 0.8583638578125001 0.2469135796875 0.8583638578125001 0.47795414531249997 0.9017094015625 0.48324515156250003 0.8986568984375 0.160493828125 0.8638583640625 0.1640211640625 0.866300365625 0.23985890781250002 0.8583638578125001 0.2469135796875
0 0.8992673999999999 0.1640211640625 0.9035409031249999 0.48148148125 0.9407814406250001 0.4850088171875 0.9407814406250001 0.23633156875 0.934065934375 0.2380952375 0.927350428125 0.1622574953125 0.8992673999999999 0.1640211640625
0 0.9407814406250001 0.16931216875 0.940170940625 0.4797178125 0.984737484375 0.48324515156250003 0.9816849812499999 0.1640211640625 0.9407814406250001 0.16931216875
0 0.45848595937500003 0.5749559078125001 0.41086691093749994 0.5626102296875 0.4102564109375 0.6296296296875 0.40231990156249997 0.641975309375 0.4017094015625 0.7336860656249999 0.4120879125 0.7336860656249999 0.4145299140625 0.8747795421875001 0.4456654453125 0.8677248671875001 0.45970695937499995 0.8042328046874999 0.45848595937500003 0.5749559078125001
0 0.47802197812499997 0.8765432093750001 0.5012210015624999 0.885361553125 0.503663003125 0.6984126984375 0.49572649531249996 0.5820105812499999 0.45970695937499995 0.5679012359375 0.4639804640625 0.7971781296875 0.47802197812499997 0.8765432093750001
0 0.503663003125 0.703703703125 0.5012210015624999 0.8835978843750001 0.5299145296875001 0.880070546875 0.5384615390625 0.7954144624999999 0.54395604375 0.7054673734375 0.5372405375 0.5925925921874999 0.49450549375 0.5820105812499999 0.503663003125 0.703703703125
0 0.5451770453125 0.6843033515625 0.5390720390625 0.78659611875 0.5482295484375 0.7901234578125 0.5445665453124999 0.878306878125 0.58180708125 0.880070546875 0.5787545781250001 0.573192240625 0.5366300359375 0.5749559078125001 0.5451770453125 0.6843033515625
0 0.208791209375 0.5608465609375 0.2203907203125 0.6913580234375 0.23504273593749997 0.68606701875 0.2362637359375 0.7213403890625 0.26495726406250003 0.701940034375 0.26312576249999997 0.6684303359375 0.3125763125 0.640211640625 0.3113553109375 0.541446209375 0.283882784375 0.5555555562500001 0.2820512828125 0.5291005296875 0.208791209375 0.5608465609375
0 0.3131868125 0.4867724875 0.30708180625 0.4003527328125 0.203296703125 0.43386243437500005 0.2075702078125 0.5608465609375 0.284493284375 0.5326278656250001 0.2863247859375 0.5008818328125 0.3131868125 0.4867724875
0 0.197191696875 0.328042328125 0.20146520156249997 0.44091710781250004 0.30463980468749996 0.39153439218749997 0.297924296875 0.2945326265625 0.197191696875 0.328042328125
0 0.19169719062499999 0.20987654218750001 0.19536019531249998 0.326278659375 0.29731379687500004 0.28747795468750004 0.2960927953125 0.17813051093750001 0.19169719062499999 0.20987654218750001
0 0.1886446890625 0.0970017640625 0.1892551890625 0.2045855375 0.29731379687500004 0.1869488546875 0.291208790625 0.056437389062499996 0.1886446890625 0.0970017640625
0 0.2924297921875 0.054673721875000005 0.29059829062500003 0.0105820109375 0.18009767968749998 0.0017636687500000002 0.1855921859375 0.0934744265625 0.2924297921875 0.054673721875000005
0 0.1208791203125 0.61199294375 0.13125763125 0.703703703125 0.1648351640625 0.69312169375 0.16544566562500002 0.6666666671875 0.184371184375 0.6455026453125 0.175213675 0.4532627859375 0.0695970703125 0.497354496875 0.0757020765625 0.6366843046875 0.1208791203125 0.61199294375
0 0.174603175 0.45502645468749997 0.170940171875 0.33686066875 0.065323565625 0.37389770625 0.0671550671875 0.49382716093749995 0.174603175 0.45502645468749997
0 0.16849816875 0.3403880078125 0.16849816875 0.22045855312499998 0.0610500609375 0.2539682546875 0.0641025640625 0.36860670156249997 0.16849816875 0.3403880078125
0 0.1617826625 0.22045855312499998 0.159340659375 0.107583775 0.0518925515625 0.1410934734375 0.059218559375 0.25044091874999996 0.1617826625 0.22045855312499998
0 0.049450549999999996 0.028218695312499997 0.0518925515625 0.1428571421875 0.15567765625000002 0.114638446875 0.1520146515625 0.007054675000000001 0.049450549999999996 0.028218695312499997
0 0.6111111109375 0.880070546875 0.6117216125 0.7918871249999999 0.6239316234375 0.80070546875 0.61782661875 0.5643738968750001 0.5793650796875001 0.5643738968750001 0.58180708125 0.878306878125 0.6111111109375 0.880070546875
0 0.621489621875 0.5643738968750001 0.6300366296875 0.8694885375 0.6581196578124999 0.871252203125 0.6575091578125 0.5679012359375 0.621489621875 0.5643738968750001
0 0.6630036625 0.871252203125 0.6898656890625 0.871252203125 0.6910866906249999 0.7989417984375 0.7014652015625 0.79365079375 0.703296703125 0.6966490296875001 0.697191696875 0.5626102296875 0.6630036625 0.5555555562500001 0.6630036625 0.871252203125
0 0.7405372406249999 0.8906525578125001 0.739926740625 0.5626102296875 0.6990231984374999 0.5679012359375 0.7008547 0.7901234578125 0.7069597062499999 0.8835978843750001 0.7405372406249999 0.8906525578125001
0 0.7704517703125 0.89417989375 0.7728937734375 0.7971781296875 0.7789987796875 0.7971781296875 0.7802197796875 0.573192240625 0.739926740625 0.5679012359375 0.7417582421875 0.89417989375 0.7704517703125 0.89417989375
0 0.7869352859375 0.784832453125 0.783882784375 0.8765432093750001 0.8180708171875001 0.885361553125 0.8174603171875001 0.5714285718750001 0.78083028125 0.573192240625 0.7796092796874999 0.7813051140625 0.7869352859375 0.784832453125
0 0.8540903546875 0.878306878125 0.8553113546875 0.79365079375 0.860195359375 0.80070546875 0.8583638578125001 0.5643738968750001 0.8205128203125 0.5696649015624999 0.8205128203125 0.8835978843750001 0.8540903546875 0.878306878125
0 0.866300365625 0.78659611875 0.8669108671875 0.880070546875 0.8992673999999999 0.8747795421875001 0.8992673999999999 0.5626102296875 0.8577533578125 0.5679012359375 0.8614163625 0.7830687828125 0.866300365625 0.78659611875
0 0.9004884000000001 0.5608465609375 0.8998779000000001 0.8747795421875001 0.9322344328125001 0.8730158734375 0.9334554328125 0.7901234578125 0.9420024421875001 0.7830687828125 0.9383394390625 0.5608465609375 0.9004884000000001 0.5608465609375
0 0.946886446875 0.7795414468749999 0.9481074484375 0.871252203125 0.9835164828125 0.8624338625 0.984737484375 0.557319225 0.9395604390625 0.557319225 0.9420024421875001 0.7813051140625 0.946886446875 0.7795414468749999