0 0.2353522046875 0.849867725 0.05348913749999999 0.849867725 0.058426596875 0.9215167546874999 0.2337063859375 0.9038800703125001 0.2353522046875 0.849867725
0 0.077353521875 0.7539682546875001 0.08640552968750001 0.8454585546875 0.194206715625 0.8377425046875 0.1933838046875 0.7451499125 0.077353521875 0.7539682546875001
0 0.07817643125 0.6448412703125 0.077353521875 0.7484567906249999 0.18926925625 0.7319223984375001 0.18926925625 0.6470458546875 0.07817643125 0.6448412703125
0 0.0732389734375 0.5390211640625 0.0789993421875 0.6470458546875 0.1835088875 0.628306878125 0.184331796875 0.5423280421875 0.0732389734375 0.5390211640625
0 0.0666556953125 0.43761022968749996 0.0724160640625 0.5346119921875 0.1810401578125 0.51917989375 0.18186306875 0.43540564374999996 0.0666556953125 0.43761022968749996
0 0.0683015140625 0.3273809515625 0.071593153125 0.39351851875 0.0304476625 0.39572310312500003 0.0271560234375 0.433201059375 0.1020408171875 0.430996471875 0.1736339703125 0.41005291093749996 0.1736339703125 0.3284832453125 0.0683015140625 0.3273809515625
0 0.0625411453125 0.22045855468750003 0.065009875 0.3251763671875 0.1736339703125 0.2943121703125 0.167050690625 0.2270723109375 0.0625411453125 0.22045855468750003
0 0.12096774218749999 0.21825396718749998 0.1259052 0.1962081125 0.1686965109375 0.1984126984375 0.16375905156249998 0.144400353125 0.054312046875 0.157627865625 0.0567807765625 0.22045855468750003 0.12096774218749999 0.21825396718749998
0 0.9043778796874999 0.89285714375 0.9052007906249999 0.8553791875 0.9340026343750001 0.853174603125 0.9340026343750001 0.796957671875 0.803982884375 0.7914462078125 0.8031599734375 0.8895502640625 0.8443054640625001 0.8906525578125001 0.8443054640625001 0.9149029984375 0.8755760374999999 0.9138007046875 0.8747531265624999 0.8895502640625 0.9043778796874999 0.89285714375
0 0.6426925609375 0.8024691359375 0.6476300203124999 0.9149029984375 0.7776497703125 0.9126984125 0.780941409375 0.8046737203125 0.6426925609375 0.8024691359375
0 0.646807109375 0.747354496875 0.6484529296875 0.8013668421875 0.7653061218749999 0.8013668421875 0.7653061218749999 0.7550705468750001 0.646807109375 0.747354496875
0 0.6476300203124999 0.697751321875 0.6459842 0.747354496875 0.7661290328125 0.7550705468750001 0.763660303125 0.706569665625 0.6476300203124999 0.697751321875
0 0.7842330484375 0.6448412703125 0.7628373921875 0.6448412703125 0.673963134375 0.6404320984375 0.6624423968750001 0.697751321875 0.7858788671875 0.7032627875 0.7842330484375 0.6448412703125
0 0.8187952609375 0.740740740625 0.817149440625 0.7881393296875 0.9175444359375 0.7958553796875 0.91178406875 0.7451499125 0.8187952609375 0.740740740625
0 0.817149440625 0.6878306875 0.8204410796875001 0.7374338625 0.91178406875 0.742945325 0.9093153390625 0.6944444437499999 0.817149440625 0.6878306875
0 0.8155036203125 0.629409171875 0.8130348921874999 0.6823192234375 0.91178406875 0.691137565625 0.9134298875000001 0.6382275140625 0.8155036203125 0.629409171875
0 0.817149440625 0.5809082890624999 0.8155036203125 0.6338183421875 0.9134298875000001 0.6382275140625 0.91919025625 0.5809082890624999 0.817149440625 0.5809082890624999
0 0.8220869000000001 0.530202821875 0.8204410796875001 0.579805996875 0.916721528125 0.5820105812499999 0.916721528125 0.536816578125 0.8220869000000001 0.530202821875
0 0.8130348921874999 0.473985890625 0.8138578000000001 0.5246913578125 0.9142527984375001 0.5324074078125001 0.916721528125 0.480599646875 0.8130348921874999 0.473985890625
0 0.8122119812499999 0.4155643734375 0.80809743125 0.46847442812500006 0.9150757078125 0.4761904765625 0.9134298875000001 0.424382715625 0.8122119812499999 0.4155643734375
0 0.8089203421875 0.36044973593749996 0.8089203421875 0.4089506171875 0.910961159375 0.4232804234375 0.9134298875000001 0.3714726640625 0.8089203421875 0.36044973593749996
0 0.8130348921874999 0.313051146875 0.811389071875 0.36375661406250004 0.9142527984375001 0.3659611984375 0.9126069781249999 0.313051146875 0.8130348921874999 0.313051146875
0 0.8146807109375 0.2590388015625 0.8122119812499999 0.308641975 0.9126069781249999 0.3141534390625 0.9134298875000001 0.263447971875 0.8146807109375 0.2590388015625
0 0.80809743125 0.2017195765625 0.8072745234375001 0.2557319234375 0.9134298875000001 0.26124338593749996 0.91178406875 0.20723104062500003 0.80809743125 0.2017195765625
0 0.80809743125 0.1466049375 0.8031599734375 0.20061728437499998 0.9150757078125 0.20502645468749997 0.918367346875 0.15321869375 0.80809743125 0.1466049375
0 0.8072745234375001 0.0970017640625 0.803982884375 0.15101410937499998 0.916721528125 0.15101410937499998 0.91919025625 0.10251322656249999 0.8072745234375001 0.0970017640625
0 0.8056287031249999 0.031966490624999996 0.8089203421875 0.09920634843750001 0.9463462796875 0.10582010625 0.9447004609375 0.0595238109375 0.8780447656250001 0.0606261015625 0.8755760374999999 0.0330687828125 0.8056287031249999 0.031966490624999996
0 0.6476300203124999 0.58972663125 0.6443383796875 0.642636684375 0.7792955890625 0.6514550265625 0.7776497703125 0.594135803125 0.6476300203124999 0.58972663125
0 0.6731402234375 0.536816578125 0.6517445687500001 0.5908289250000001 0.771066490625 0.5919312171875 0.7694206718750001 0.5423280421875 0.6731402234375 0.536816578125
0 0.6607965765625 0.4850088171875 0.6764318625 0.5390211640625 0.7792955890625 0.5423280421875 0.7792955890625 0.4839065265625 0.6607965765625 0.4850088171875
0 0.675608953125 0.43430335 0.6591507562500001 0.4839065265625 0.7801184984375 0.4861111109375 0.7792955890625 0.4232804234375 0.675608953125 0.43430335
0 0.7801184984375 0.42879188749999997 0.780941409375 0.38139329843750003 0.6805464125 0.3791887125 0.6846609609375001 0.403439153125 0.67478604375 0.42989418125 0.7801184984375 0.42879188749999997
0 0.6772547734375001 0.3295855390625 0.67478604375 0.3769841265625 0.7834101375 0.383597884375 0.7842330484375 0.326278659375 0.6772547734375001 0.3295855390625
0 0.6607965765625 0.2722663125 0.668202765625 0.32297178125000003 0.7825872281249999 0.32076719531250003 0.7792955890625 0.2722663125 0.6607965765625 0.2722663125
0 0.6764318625 0.21494708906249999 0.6599736671875001 0.270061728125 0.7784726796875 0.26785714375 0.7792955890625 0.2259700171875 0.6764318625 0.21494708906249999
0 0.668202765625 0.16865079375 0.6665569453125 0.21715167656249998 0.78176431875 0.22266313906250002 0.780941409375 0.164241621875 0.668202765625 0.16865079375
0 0.6789005921875 0.10030864218749999 0.652567478125 0.1664462078125 0.780941409375 0.1631393296875 0.7792955890625 0.072751321875 0.7126398953125 0.079365078125 0.7101711640625 0.10030864218749999 0.6789005921875 0.10030864218749999