0 0.7606737531250001 0.83243679375 0.765627815625 0.8082302312499999 0.8070617906249999 0.8089026359375 0.797604034375 0.72081764375 0.6683480453125 0.7302313078125 0.6683480453125 0.8176438953125 0.7165375609375 0.809575040625 0.726445684375 0.8438676718749999 0.7606737531250001 0.83243679375
0 0.670149521875 0.6717321140625 0.6683480453125 0.7275416890625 0.804359575 0.7221624531249999 0.8052603140624999 0.658284025 0.670149521875 0.6717321140625
0 0.664745090625 0.61457773125 0.6651954609375 0.67240451875 0.8084128984375001 0.6623184515625 0.802107728125 0.60247445 0.664745090625 0.61457773125
0 0.662042875 0.5446476609374999 0.6624932453125 0.6078536859375 0.8070617906249999 0.600457234375 0.802107728125 0.5318719734374999 0.662042875 0.5446476609374999
0 0.662042875 0.481441634375 0.6611421375 0.5406132328125001 0.79985588125 0.53657880625 0.79985588125 0.47270037656249997 0.662042875 0.481441634375
0 0.6584399203125 0.4168908 0.662042875 0.47337278125 0.7994055125 0.47068316250000003 0.80030625 0.4081495421875 0.6584399203125 0.4168908
0 0.6611421375 0.348305540625 0.6642947218749999 0.41151156406249995 0.79985588125 0.41083916093750006 0.7985047734374999 0.34359870937500003 0.6611421375 0.348305540625
0 0.664745090625 0.2871167296875 0.6656458296875 0.3456159234375 0.7989551421875001 0.3429263046875 0.7989551421875001 0.2783754703125 0.664745090625 0.2871167296875
0 0.6633939843750001 0.2151694453125 0.6669969375 0.2824098984375 0.797153665625 0.28173749375 0.7935507125 0.22122108749999997 0.6633939843750001 0.2151694453125
0 0.6665465671875 0.1559978484375 0.6674473062499999 0.2151694453125 0.7935507125 0.21718665937499998 0.7926499734375 0.1580150609375 0.6665465671875 0.1559978484375
0 0.6476310578125 0.0927918234375 0.6530354890625001 0.1681011296875 0.7994055125 0.16003227656250002 0.79400108125 0.0732920921875 0.6476310578125 0.0927918234375
0 0.9025400828125001 0.7907477140625 0.9083948843749999 0.75981710625 0.960637721875 0.76721355625 0.960637721875 0.6851802046875 0.821923978125 0.687869821875 0.8210232390625001 0.7719203875 0.8669609078124999 0.7645239375 0.8719149703125 0.79881656875 0.9025400828125001 0.7907477140625
0 0.9615384609375001 0.67980096875 0.960187353125 0.6280258203125 0.8291298859375 0.6320602484375 0.8327328406250001 0.6871974171875 0.9615384609375001 0.67980096875
0 0.9615384609375001 0.61457773125 0.9579355062499999 0.55876815625 0.8210232390625001 0.5641473921875 0.827778778125 0.6340774609375 0.9615384609375001 0.61457773125
0 0.9574851375 0.55876815625 0.9579355062499999 0.49825174843750003 0.8259773015625 0.503630984375 0.8268780390625 0.5628025828125 0.9574851375 0.55876815625
0 0.959736984375 0.496234534375 0.96198883125 0.426304465625 0.8156188078125 0.4337009140625 0.821923978125 0.50497579375 0.959736984375 0.496234534375
0 0.9534318140625 0.4337009140625 0.9579355062499999 0.3664604640625 0.8286795171874999 0.37318450625 0.8255269328124999 0.4316837015625 0.9534318140625 0.4337009140625
0 0.9556836609375001 0.3657880578125 0.953882184375 0.3005648203125 0.822374346875 0.3126681015625 0.8228247171874999 0.372512103125 0.9556836609375001 0.3657880578125
0 0.9574851375 0.29854760625 0.9574851375 0.2434104359375 0.8138173296875 0.24542764843749998 0.8147180687500001 0.3126681015625 0.9574851375 0.29854760625
0 0.9556836609375001 0.24273803124999999 0.9561340296875 0.18222162343749998 0.8183210234375 0.1808768140625 0.8201225000000001 0.25215169375 0.9556836609375001 0.24273803124999999
0 0.8124662218750001 0.0746369015625 0.821923978125 0.18692845625 0.954332553125 0.178187196875 0.9547829218749999 0.1062399140625 0.9007386046875 0.11430876718750001 0.9029904515625 0.0685852609375 0.8124662218750001 0.0746369015625
0 0.531886146875 0.8357988171875 0.582777878125 0.8364712203125 0.5881823093749999 0.7631791296875 0.44946856406249996 0.7631791296875 0.44901819375 0.8431952656249999 0.4909025390625 0.8364712203125 0.49360475625 0.8620225921875001 0.5287335625 0.8606777828125001 0.531886146875 0.8357988171875
0 0.583228246875 0.7591447015624999 0.582777878125 0.7006455093749999 0.451270040625 0.6966110796875 0.4535218875 0.7591447015624999 0.583228246875 0.7591447015624999
0 0.58548009375 0.6979558906250001 0.583678615625 0.6307154390624999 0.4476670859375 0.625336203125 0.445865609375 0.6986282953125 0.58548009375 0.6979558906250001
0 0.582777878125 0.6293706296875 0.5818771390624999 0.5648197953125 0.45397225781249995 0.5681818187500001 0.450819671875 0.63340505625 0.582777878125 0.6293706296875
0 0.5895334171875 0.5641473921875 0.5899837875 0.5002689609375001 0.44946856406249996 0.502286175 0.4373085921875 0.5648197953125 0.5895334171875 0.5641473921875
0 0.5764727078125 0.496234534375 0.5791749234375 0.43908015 0.44001080937500003 0.4424421734375 0.4476670859375 0.5029585796875 0.5764727078125 0.496234534375
0 0.583228246875 0.375201721875 0.4440641328125 0.3765465296875 0.44226265624999994 0.4370629375 0.58052603125 0.435718128125 0.583228246875 0.375201721875
0 0.5796252921875 0.37116729375 0.582777878125 0.3106508875 0.4476670859375 0.3140129109375 0.4463159796875 0.37452931718750004 0.5796252921875 0.37116729375
0 0.5796252921875 0.3119956953125 0.582777878125 0.2474448640625 0.45172041093750004 0.24542764843749998 0.4472167171875 0.3160301234375 0.5796252921875 0.3119956953125
0 0.5755719703125 0.2474448640625 0.5755719703125 0.1815492203125 0.445865609375 0.1835664328125 0.44541524062500004 0.25013448125000004 0.5755719703125 0.2474448640625
0 0.4909025390625 0.0874125875 0.48910106249999996 0.11161915 0.4418122859375 0.110274340625 0.4476670859375 0.1835664328125 0.5764727078125 0.185583646875 0.5755719703125 0.12708445468750001 0.5300846703125 0.11296395937499999 0.531435778125 0.09010220625000001 0.4909025390625 0.0874125875
0 0.383714646875 0.8875739656249999 0.430553053125 0.86605701875 0.41433975937499995 0.68921463125 0.3647991359375 0.7046799359375 0.383714646875 0.8875739656249999
0 0.3247162671875 0.7161108125 0.3395784546875 0.8916083921875 0.38191316875000003 0.884884346875 0.3666006125 0.7013179125 0.3247162671875 0.7161108125
0 0.322914790625 0.7188004296875 0.28012970625 0.7261968796875 0.2981444796875 0.9050564828125 0.3409295625 0.8909359875 0.322914790625 0.7188004296875
0 0.28012970625 0.7255244750000001 0.24410016093750003 0.731576115625 0.2598630875 0.9037116734374999 0.3012970625 0.8990048406250001 0.28012970625 0.7255244750000001
0 0.2391461 0.7322485203125 0.19861286250000001 0.7389725671875 0.21752837343750003 0.918504571875 0.25941271875 0.911108121875 0.2391461 0.7322485203125