0 0.42103058125 0.3719008265625 0.4723502296875 0.3719008265625 0.4461667359375 0.2195985828125 0.40113112656250005 0.2219598578125 0.4000837875 0.2998819359375 0.42103058125 0.3719008265625
0 0.42103058125 0.3719008265625 0.4000837875 0.3010625734375 0.40217846718750005 0.224321134375 0.36656891406250003 0.22904368281249998 0.3560955171875 0.3140495875 0.37704231250000003 0.3659976390625 0.42103058125 0.3719008265625
0 0.32991202343750003 0.2314049578125 0.319438625 0.31286895000000003 0.33933808125 0.3683589140625 0.37599497187500003 0.36481700156249997 0.3634268953125 0.31050767343749996 0.3634268953125 0.22786304531249998 0.32991202343750003 0.2314049578125
0 0.2817343953125 0.23730814687500001 0.282781734375 0.3116883109375 0.3005865109375 0.3766233765625 0.34143276093749997 0.3730814640625 0.3173439453125 0.3069657609375 0.32781734375 0.2302243203125 0.2817343953125 0.23730814687500001
0 0.245077503125 0.2408500578125 0.23984080468750002 0.3164108625 0.2586929203125 0.38016528906249997 0.3047758703125 0.3766233765625 0.278592375 0.3081463984375 0.28592375312499996 0.234946871875 0.245077503125 0.2408500578125
0 0.2042312515625 0.238488784375 0.20318391249999998 0.32467532499999996 0.2157519890625 0.3789846515625 0.2586929203125 0.37780401406249997 0.24193548437499998 0.315230225 0.2503142015625 0.2408500578125 0.2042312515625 0.238488784375
0 0.16233766249999998 0.24321133437500003 0.16233766249999998 0.32585596250000004 0.17281105937500002 0.37780401406249997 0.21784666874999997 0.38016528906249997 0.20213657187499998 0.3093270359375 0.20632593125 0.239669421875 0.16233766249999998 0.24321133437500003
0 0.12358609062499999 0.24203069687499998 0.1214914109375 0.3234946875 0.13615416875 0.37544273906250003 0.1717637203125 0.37544273906250003 0.1633850015625 0.3199527734375 0.1707163796875 0.24203069687499998 0.12358609062499999 0.24203069687499998
0 0.09426057812500001 0.244391971875 0.09530791875 0.279811096875 0.08378718125 0.280991734375 0.0869292 0.3069657609375 0.061793045312499996 0.3069657609375 0.06284038593749999 0.3400236125 0.0869292 0.338842975 0.0974025984375 0.3719008265625 0.1298701296875 0.3766233765625 0.1256807703125 0.32231405 0.12463343125 0.245572609375 0.09426057812500001 0.244391971875
0 0.4178885640625 0.5489964578125 0.4587348140625 0.52892561875 0.45978215312500004 0.40613931562500005 0.40846250624999997 0.404958678125 0.40741516562499996 0.47107438124999995 0.4178885640625 0.5489964578125
0 0.4178885640625 0.5478158203125 0.40427314687499993 0.4687131046875 0.40741516562499996 0.410861865625 0.3728529546875 0.413223140625 0.3707582734375 0.47815820468750003 0.3718056140625 0.5489964578125 0.4178885640625 0.5478158203125
0 0.3749476328125 0.5454545453125 0.36761625468750003 0.4746162921875 0.369710934375 0.41676505312499995 0.32991202343750003 0.415584415625 0.3267700046875 0.47107438124999995 0.343527440625 0.5478158203125 0.3749476328125 0.5454545453125
0 0.34666945937500004 0.5489964578125 0.320485965625 0.4663518296875 0.3309593625 0.41676505312499995 0.2848764140625 0.41440377812499996 0.28697109374999996 0.46753246718749997 0.29325513281250004 0.5454545453125 0.34666945937500004 0.5489964578125
0 0.29325513281250004 0.5489964578125 0.2848764140625 0.41440377812499996 0.25555090156250004 0.41440377812499996 0.2503142015625 0.4746162921875 0.26497695781249997 0.5466351828125 0.29325513281250004 0.5489964578125
0 0.2607875984375 0.5537190078124999 0.248219521875 0.47225501875000003 0.262882278125 0.42030696562500003 0.213657309375 0.415584415625 0.20737327187500001 0.4639905546875 0.212609971875 0.551357734375 0.2607875984375 0.5537190078124999
0 0.2209886890625 0.5560802828125 0.20632593125 0.4687131046875 0.2209886890625 0.41676505312499995 0.1738584 0.41912632812500006 0.1675743609375 0.47225501875000003 0.18537913749999999 0.5537190078124999 0.2209886890625 0.5560802828125
0 0.18118977812499998 0.5478158203125 0.16547968125 0.4746162921875 0.17700041875 0.42030696562500003 0.135106828125 0.41912632812500006 0.12777544999999998 0.47225501875000003 0.131964809375 0.5466351828125 0.18118977812499998 0.5478158203125
0 0.07331378281249999 0.48051948125 0.0932132390625 0.48878394218750004 0.0890238796875 0.5135773312499999 0.10368663593750001 0.51948051875 0.10682865625 0.5572609203125001 0.1330121484375 0.5537190078124999 0.1256807703125 0.48170011874999996 0.13615416875 0.41676505312499995 0.0932132390625 0.41676505312499995 0.0963552578125 0.449822903125 0.079597821875 0.4521841796875 0.07331378281249999 0.48051948125
0 0.526811896875 0.3707201890625 0.5739421859375 0.36481700156249997 0.5456640140625 0.3010625734375 0.558232090625 0.252656434375 0.555090071875 0.20897284531250002 0.5184331796875 0.2113341203125 0.5079597828125 0.24321133437500003 0.5121491421875 0.3364817 0.526811896875 0.3707201890625
0 0.5488060328125 0.3010625734375 0.5728948468749999 0.3636363640625 0.604315040625 0.3589138125 0.5875576031249999 0.2927981109375 0.5980310015625 0.2125147578125 0.5529953921875 0.2184179453125 0.5488060328125 0.3010625734375
0 0.651445328125 0.36009445 0.626309175 0.29043683593749997 0.6378299125 0.213695396875 0.599078340625 0.2125147578125 0.5886049437499999 0.2939787484375 0.6095517390625 0.3683589140625 0.651445328125 0.36009445
0 0.651445328125 0.3671782765625 0.694386259375 0.3659976390625 0.672392125 0.2880755609375 0.6797235015624999 0.21015348281250001 0.636782571875 0.2066115703125 0.62945119375 0.2916174734375 0.651445328125 0.3671782765625
0 0.6933389187500001 0.3636363640625 0.7320904890625 0.3636363640625 0.709049015625 0.2916174734375 0.7184750734375001 0.2077922078125 0.6786761625 0.20306965781250003 0.6734394640625 0.2927981109375 0.6933389187500001 0.3636363640625
0 0.7331378296875 0.3742621015625 0.772936740625 0.3659976390625 0.746753246875 0.2880755609375 0.7603686640625 0.20306965781250003 0.7184750734375001 0.2042502953125 0.7069543359375 0.2868949234375 0.7331378296875 0.3742621015625
0 0.7478005859375 0.2833530109375 0.7750314203124999 0.3730814640625 0.810640971875 0.3612750890625 0.78550481875 0.2845336484375 0.8033095937500001 0.20306965781250003 0.7582739843749999 0.2054309328125 0.7478005859375 0.2833530109375
0 0.7834101375 0.28571428593750003 0.8158776703124999 0.3636363640625 0.85567658125 0.3659976390625 0.822161709375 0.2774498234375 0.8368244656250001 0.1971664703125 0.799120234375 0.1971664703125 0.7834101375 0.28571428593750003
0 0.8965228312500001 0.33293978750000003 0.8923334734375 0.2880755609375 0.9101382484375 0.2939787484375 0.9090909093749999 0.251475796875 0.9080435687499999 0.252656434375 0.881860075 0.251475796875 0.8682446593750001 0.20188901874999998 0.8420611640625 0.20070838281249997 0.8242563875 0.279811096875 0.8493925421874999 0.334120425 0.8965228312500001 0.33293978750000003
0 0.5236698796875 0.4793388421875 0.5341432765625 0.5088547812499999 0.54252199375 0.5454545453125 0.566610809375 0.5430932703125 0.5634687890625 0.4651711921875 0.5739421859375 0.40377804062499995 0.5299539171875 0.40613931562500005 0.5247172171875001 0.44391971718749995 0.505865103125 0.44510035468750003 0.5048177625 0.4769775671875 0.5236698796875 0.4793388421875
0 0.56556346875 0.46044864218750003 0.5687054890625001 0.5442739078125001 0.6053623796875 0.5407319953124999 0.6053623796875 0.4557260921875 0.616883115625 0.40377804062499995 0.569752828125 0.402597403125 0.56556346875 0.46044864218750003
0 0.6053623796875 0.4746162921875 0.6126937578125 0.5360094453124999 0.65249266875 0.5383707203125 0.645161290625 0.4533648171875 0.6556346875 0.40141676562499995 0.6147884375 0.402597403125 0.6053623796875 0.4746162921875
0 0.6964809390625 0.5371900828125 0.6849602015625 0.4580873671875 0.6933389187500001 0.412042503125 0.656682028125 0.407319953125 0.645161290625 0.4557260921875 0.6577293671875 0.5360094453124999 0.6964809390625 0.5371900828125
0 0.7299958109375 0.5383707203125 0.7205697515625 0.4521841796875 0.7341851687500001 0.40377804062499995 0.6996229578125 0.40141676562499995 0.6818181812499999 0.4616292796875 0.7027649765625 0.5360094453124999 0.7299958109375 0.5383707203125
0 0.78026811875 0.5371900828125 0.7635106828125 0.4510035421875 0.7708420609375 0.40377804062499995 0.7404692078124999 0.40023612656249996 0.723711771875 0.45690672968749996 0.7331378296875 0.5348288078125 0.78026811875 0.5371900828125
0 0.8158776703124999 0.5360094453124999 0.8022622531250001 0.4521841796875 0.8200670296875 0.40023612656249996 0.7781734390625 0.395513578125 0.7603686640625 0.4616292796875 0.7813154578125 0.5348288078125 0.8158776703124999 0.5360094453124999
0 0.891286134375 0.438016528125 0.8933808125 0.38842975156250004 0.8148303312499999 0.3907910265625 0.799120234375 0.45454545468749996 0.8158776703124999 0.5277449812499999 0.8462505234375 0.5336481703125 0.85567658125 0.46280991718750003 0.8713866781249999 0.45690672968749996 0.8755760374999999 0.438016528125 0.891286134375 0.438016528125
0 0.5142438203124999 0.7237308140625001 0.5121491421875 0.7603305781249999 0.5310012562499999 0.7591499421875 0.535190615625 0.7886658796875 0.5802262265625 0.7886658796875 0.5676581484375001 0.739079103125 0.5749895265625 0.6528925625 0.5446166734375 0.6517119250000001 0.5446166734375 0.6894923265624999 0.5299539171875 0.6906729640625 0.5247172171875001 0.7201889031250001 0.5142438203124999 0.7237308140625001
0 0.5791788859375 0.6505312875 0.5687054890625001 0.737898465625 0.5844155843750001 0.7945690671875 0.61793045625 0.7910271546875001 0.6085043984375 0.7426210156249999 0.62316715625 0.6564344734375 0.5791788859375 0.6505312875
0 0.610599078125 0.739079103125 0.6200251359375 0.7933884296875 0.6608713875000001 0.7910271546875001 0.6503979890625 0.7343565515625 0.6608713875000001 0.6528925625 0.6200251359375 0.6528925625 0.610599078125 0.739079103125
0 0.7069543359375 0.7945690671875 0.6849602015625 0.740259740625 0.6996229578125 0.6576151109375 0.6598240468750001 0.6564344734375 0.6493506499999999 0.737898465625 0.6661080859374999 0.7933884296875 0.7069543359375 0.7945690671875
0 0.7111436953125 0.79811098125 0.746753246875 0.7933884296875 0.7331378296875 0.737898465625 0.7373271890625 0.6599763875 0.6996229578125 0.6564344734375 0.6881022203125 0.744982290625 0.7111436953125 0.79811098125
0 0.7331378296875 0.737898465625 0.74570590625 0.7957497046875 0.7875994984375 0.7922077921875 0.7687473812500001 0.7343565515625 0.7886468375 0.6540732 0.7362798484375 0.6540732 0.7331378296875 0.737898465625
0 0.7718894015625 0.741440378125 0.7896941765625 0.7969303421875 0.82635106875 0.7945690671875 0.810640971875 0.7343565515625 0.819019690625 0.6552538375 0.7896941765625 0.6540732 0.7718894015625 0.741440378125
0 0.8766233765625 0.7083825265625 0.900712190625 0.7048406140625 0.8944281515625001 0.6765053125 0.856723921875 0.6753246749999999 0.8525345625 0.6564344734375 0.82320905 0.6540732 0.8116883125 0.7296340031249999 0.8389191453124999 0.7851239671875 0.8975701718750001 0.7768595031250001 0.8954754921875001 0.7426210156249999 0.87871805625 0.737898465625 0.8766233765625 0.7083825265625
0 0.6074570593749999 0.83234946875 0.5980310015625 0.889020071875 0.610599078125 0.9634002359375 0.6587767078125 0.9657615109375 0.6462086296875 0.8878394343749999 0.651445328125 0.8288075562499999 0.6074570593749999 0.83234946875
0 0.6881022203125 0.9598583234375001 0.6807708421875 0.8937426203125 0.6901969 0.8335301062499999 0.6483033093749999 0.82998819375 0.6430666109375001 0.8913813453125 0.6608713875000001 0.9634002359375 0.6881022203125 0.9598583234375001
0 0.6954335984375 0.9610389609375 0.7415165484374999 0.9657615109375 0.7184750734375001 0.8925619828125001 0.7258064515625 0.8335301062499999 0.686007540625 0.82998819375 0.6797235015624999 0.8902007078124999 0.6954335984375 0.9610389609375
0 0.73942186875 0.9622195984375 0.7760787609375 0.9622195984375 0.76246334375 0.889020071875 0.7697947218750001 0.82762691875 0.7310431515625 0.8229043687500001 0.7216170921875 0.8902007078124999 0.73942186875 0.9622195984375
0 0.81797235 0.9574970484374999 0.800167575 0.8854781578124999 0.8033095937500001 0.82998819375 0.7677000421875 0.8288075562499999 0.7645580234375 0.8925619828125001 0.7771261 0.9586776859375 0.81797235 0.9574970484374999
0 0.8095936328125 0.9657615109375 0.851487221875 0.9645808734375001 0.8410138249999999 0.8878394343749999 0.8546292421875 0.82644628125 0.8116883125 0.82172373125 0.8012149140625 0.8842975203125001 0.8095936328125 0.9657615109375
0 0.8839547546875 0.9598583234375001 0.8944281515625001 0.9268004734374999 0.8986175109375001 0.8949232578125 0.9206116468750001 0.897284534375 0.9268956859375 0.8665879578125001 0.8944281515625001 0.8642266812500001 0.8881441140625 0.8288075562499999 0.8472978624999999 0.8252656421875001 0.848345203125 0.9634002359375 0.8839547546875 0.9598583234375001
0 0.4639715125 0.6564344734375 0.37599497187500003 0.6576151109375 0.3864683703125 0.7957497046875 0.47130289062499997 0.7957497046875 0.4639715125 0.6564344734375
0 0.30163385 0.6576151109375 0.30372852968749997 0.8040141671875001 0.3864683703125 0.8028335296875 0.381231671875 0.6481700109374999 0.30163385 0.6576151109375
0 0.2209886890625 0.6552538375 0.2209886890625 0.80991735625 0.3047758703125 0.8051948046874999 0.3047758703125 0.6552538375 0.2209886890625 0.6552538375
0 0.1445328859375 0.6576151109375 0.1413908671875 0.8146399046875 0.2209886890625 0.8063754421875 0.222036028125 0.6552538375 0.1445328859375 0.6576151109375
0 0.140343528125 0.6564344734375 0.0659824046875 0.6599763875 0.023041475 0.6989374265625 0.019899454687500002 0.8205430937499999 0.135106828125 0.8158205421875 0.140343528125 0.6564344734375