0 0.4672619046875 0.88554216875 0.4702380953125 0.8960843374999999 0.5178571421875 0.900602409375 0.5193452375 0.88554216875 0.5491071421875 0.890060240625 0.5505952375 0.83433735 0.389880953125 0.8388554218750001 0.389880953125 0.8870481921875 0.4672619046875 0.88554216875
0 0.546130953125 0.828313253125 0.5401785718750001 0.7786144578124999 0.40625 0.7891566265625001 0.3988095234375 0.8313253015625 0.546130953125 0.828313253125
0 0.5669642859375 0.7590361453125001 0.565476190625 0.7048192765625 0.4077380953125 0.7048192765625 0.40029761875 0.7620481921875 0.5669642859375 0.7590361453125001
0 0.5714285718750001 0.7048192765625 0.5714285718750001 0.6385542171874999 0.4270833328125 0.65512048125 0.41964285781250005 0.7048192765625 0.5714285718750001 0.7048192765625
0 0.5491071421875 0.6024096390625 0.5669642859375 0.567771084375 0.42261904687499996 0.5602409640625 0.4270833328125 0.6009036140624999 0.5089285718750001 0.61445783125 0.5491071421875 0.6024096390625
0 0.4166666671875 0.5210843374999999 0.41815476250000005 0.5587349390624999 0.5729166671875 0.5662650609375001 0.5699404765625 0.525602409375 0.516369046875 0.504518071875 0.4761904765625 0.515060240625 0.4166666671875 0.5210843374999999
0 0.491071428125 0.472891565625 0.491071428125 0.48042168749999997 0.577380953125 0.48795180781249997 0.5729166671875 0.42771084375 0.4389880953125 0.42620481874999994 0.434523809375 0.46837349375 0.491071428125 0.472891565625
0 0.4360119046875 0.4201807234375 0.56845238125 0.42771084375 0.5758928578125 0.36596385468750003 0.48214285781250005 0.3765060234375 0.4375 0.37801204843749997 0.4360119046875 0.4201807234375
0 0.56845238125 0.35090361406250004 0.56845238125 0.287650603125 0.4389880953125 0.2846385546875 0.43303571406249997 0.337349396875 0.56845238125 0.35090361406250004
0 0.4375 0.286144578125 0.5669642859375 0.287650603125 0.5580357140625 0.2259036140625 0.477678571875 0.23945783125000003 0.43303571406249997 0.23945783125000003 0.4375 0.286144578125
0 0.477678571875 0.20030120468749998 0.5208333328125 0.2108433734375 0.55654761875 0.2063253015625 0.55654761875 0.14909638593750002 0.4360119046875 0.152108434375 0.43303571406249997 0.19879518125 0.477678571875 0.20030120468749998
0 0.43154761875 0.1069277109375 0.4300595234375 0.14909638593750002 0.5625 0.1475903609375 0.5550595234375 0.099397590625 0.5208333328125 0.0918674703125 0.48363095312500004 0.1054216875 0.43154761875 0.1069277109375
0 0.6383928578125 0.0753012046875 0.5892857140625 0.082831325 0.59375 0.20783132499999998 0.6443452375 0.2063253015625 0.6517857140625 0.1460843375 0.6383928578125 0.0753012046875
0 0.641369046875 0.0753012046875 0.65625 0.150602409375 0.641369046875 0.203313253125 0.684523809375 0.203313253125 0.7008928578125 0.1430722890625 0.6830357140625 0.07228915625 0.641369046875 0.0753012046875
0 0.715773809375 0.20933735000000003 0.7708333328125 0.21536144531249998 0.7886904765625 0.1536144578125 0.7738095234375 0.0768072296875 0.7172619046875 0.0768072296875 0.715773809375 0.20933735000000003
0 0.7708333328125 0.07831325312500001 0.78720238125 0.1475903609375 0.7738095234375 0.19277108437499998 0.8214285718750001 0.19879518125 0.8392857140625001 0.15512048125 0.809523809375 0.0798192765625 0.7708333328125 0.07831325312500001
0 0.8392857140625001 0.1701807234375 0.953869046875 0.17469879531250002 0.9553571421875 0.1219879515625 0.8363095234375001 0.12349397656250001 0.8392857140625001 0.1701807234375
0 0.8675595234375001 0.2259036140625 0.8988095234375001 0.23945783125000003 0.9583333328125001 0.22439759062500003 0.9598214281249999 0.17921686718750002 0.8348214281249999 0.1701807234375 0.8348214281249999 0.21837349375 0.8675595234375001 0.2259036140625
0 0.34375 0.8719879515625 0.2380952375 0.86445783125 0.2380952375 0.9201807234375 0.27678571406249997 0.9307228921874999 0.33928571406249997 0.9171686749999999 0.34375 0.8719879515625
0 0.33779761875 0.8319707390625 0.2380952375 0.8289586921875 0.2366071421875 0.8681153187499999 0.335884353125 0.8666092937500001 0.33779761875 0.8319707390625
0 0.2380952375 0.79066265 0.2366071421875 0.8268072296875 0.340773809375 0.8298192765625 0.34863945625000003 0.7943201375 0.2380952375 0.79066265
0 0.2380952375 0.73945783125 0.23511904687500002 0.79066265 0.346726190625 0.7981927703125 0.3503401359375 0.7487091218749999 0.2380952375 0.73945783125
0 0.15178571406250002 0.9096385546875 0.1547619046875 0.9277108437500001 0.18303571406250002 0.9307228921874999 0.1889880953125 0.9096385546875 0.2142857140625 0.9171686749999999 0.20833333281250002 0.870481928125 0.0818452375 0.870481928125 0.0807823125 0.91394148125 0.15178571406250002 0.9096385546875
0 0.21279761874999997 0.870481928125 0.21875 0.8313253015625 0.10629251718749999 0.83390705625 0.12840136093750001 0.870051634375 0.21279761874999997 0.870481928125
0 0.21279761874999997 0.8298192765625 0.215773809375 0.7936746984374999 0.1335034015625 0.793459553125 0.1113945578125 0.8287435453124999 0.21279761874999997 0.8298192765625
0 0.21130952343749998 0.79066265 0.2142857140625 0.73945783125 0.10289115625 0.755593803125 0.1335034015625 0.793459553125 0.21130952343749998 0.79066265
0 0.3675595234375 0.087349396875 0.28571428593750003 0.08433735 0.284226190625 0.0481927703125 0.24255952343749998 0.051204818750000006 0.2306547625 0.131024096875 0.37053571406249997 0.13554216875 0.3675595234375 0.087349396875
0 0.21279761874999997 0.07831325312500001 0.12840136093750001 0.0800344234375 0.1411564625 0.12392426875 0.2172619046875 0.125 0.21279761874999997 0.07831325312500001
0 0.13860544218749998 0.1609294328125 0.218537415625 0.1609294328125 0.2202380953125 0.12134251250000001 0.142006803125 0.12306368281249999 0.130102040625 0.143717728125 0.13860544218749998 0.1609294328125
0 0.1411564625 0.199655765625 0.2193877546875 0.19879518125 0.221938775 0.162650603125 0.130102040625 0.15834767656249998 0.1267006796875 0.183304646875 0.1411564625 0.199655765625
0 0.11904761875 0.22289156562499998 0.136054421875 0.23149741875 0.218537415625 0.2358003453125 0.218537415625 0.20223752187500002 0.140306121875 0.19879518125 0.13520408281250001 0.21600688437499999 0.11904761875 0.22289156562499998
0 0.13860544218749998 0.2659208265625 0.1428571421875 0.2762478484375 0.2151360546875 0.27796901875 0.2151360546875 0.2383821 0.13860544218749998 0.234939759375 0.11904761875 0.248709121875 0.13860544218749998 0.2659208265625
0 0.12244897968749999 0.3029259890625 0.1275510203125 0.31325301250000004 0.2210884359375 0.314113596875 0.2142857140625 0.278829603125 0.137755103125 0.277108434375 0.136054421875 0.293459553125 0.12244897968749999 0.3029259890625
0 0.13860544218749998 0.3502581765625 0.216836734375 0.3511187609375 0.222789115625 0.31497418125 0.1267006796875 0.3098106703125 0.119897959375 0.3330464703125 0.13860544218749998 0.3502581765625
0 0.2134353734375 0.388984509375 0.2142857140625 0.3511187609375 0.140306121875 0.34939759062500003 0.12159863906249999 0.3872633390625 0.2134353734375 0.388984509375
0 0.13945578281249998 0.424268503125 0.217687075 0.42857142968749995 0.2193877546875 0.3881239234375 0.1275510203125 0.3829604125 0.1173469390625 0.402753871875 0.13945578281249998 0.424268503125
0 0.1369047625 0.4653614453125 0.215773809375 0.46385542187500006 0.2142857140625 0.42771084375 0.1354166671875 0.4246987953125 0.12053571406250001 0.453313253125 0.1369047625 0.4653614453125
0 0.1391941390625 0.5032437453124999 0.215201465625 0.5004633921874999 0.2115384625 0.4633920296875 0.12454212499999999 0.467099165625 0.125457875 0.4902687671875 0.1391941390625 0.5032437453124999
0 0.121794871875 0.5375347546875 0.21245421250000002 0.54031510625 0.21611721718750002 0.504170528125 0.1364468875 0.504170528125 0.11904761875 0.5273401296875 0.121794871875 0.5375347546875
0 0.2069597078125 0.5783132531249999 0.2087912078125 0.54402224375 0.11904761875 0.5384615390625 0.12087912187500001 0.5755329015624999 0.2069597078125 0.5783132531249999
0 0.13095238125 0.6116774796875 0.209706959375 0.6172381828125 0.21062271093749999 0.5783132531249999 0.13827838750000002 0.5783132531249999 0.1126373625 0.607043559375 0.13095238125 0.6116774796875
0 0.13827838750000002 0.650602409375 0.21245421250000002 0.650602409375 0.2133699625 0.6200185359375 0.11904761875 0.615384615625 0.11904761875 0.633920296875 0.13827838750000002 0.650602409375
0 0.1163003671875 0.6960148296875001 0.20604395625 0.6950880453125 0.2087912078125 0.6543095453125 0.1318681328125 0.6533827609375 0.1135531125 0.677479146875 0.1163003671875 0.6960148296875001
0 0.3543956046875 0.16311399375 0.3516483515625 0.135310471875 0.24450549375000002 0.137164040625 0.24450549375000002 0.1668211296875 0.3543956046875 0.16311399375
0 0.3543956046875 0.202038925 0.3553113546875 0.164040778125 0.25 0.1677479140625 0.25 0.2048192765625 0.3543956046875 0.202038925
0 0.35073260156249997 0.236329934375 0.35347985312499997 0.2048192765625 0.247252746875 0.2048192765625 0.2490842484375 0.24189063906250002 0.35073260156249997 0.236329934375
0 0.34981684999999996 0.2798887859375 0.3489010984375 0.24189063906250002 0.2509157515625 0.2409638546875 0.2545787546875 0.27803521875000003 0.34981684999999996 0.2798887859375
0 0.347069596875 0.31788693281249997 0.3489010984375 0.28452270625 0.25549450625 0.277108434375 0.25183150312499997 0.31325301250000004 0.347069596875 0.31788693281249997
0 0.340659340625 0.34939759062500003 0.34249084218750003 0.32159406874999996 0.25 0.31417979687500003 0.25 0.3521779421875 0.340659340625 0.34939759062500003
0 0.340659340625 0.3827618171875 0.3369963375 0.3521779421875 0.2490842484375 0.3549582953125 0.252747253125 0.38924930468749996 0.340659340625 0.3827618171875
0 0.340659340625 0.4253938828125 0.3388278390625 0.38646895312499996 0.25 0.3911028734375 0.2509157515625 0.43095458750000004 0.340659340625 0.4253938828125
0 0.340659340625 0.470806303125 0.3397435890625 0.43002780312500005 0.2509157515625 0.43095458750000004 0.246336996875 0.465245596875 0.340659340625 0.470806303125
0 0.3388278390625 0.49768303906250005 0.3379120875 0.46987951875 0.24358974375 0.467099165625 0.246336996875 0.5060240968749999 0.3388278390625 0.49768303906250005
0 0.25 0.5088044484375 0.25 0.541241890625 0.3415750921875 0.54031510625 0.34340659218749997 0.5004633921874999 0.25 0.5088044484375
0 0.347985346875 0.5792400375 0.3452380953125 0.5449490265625 0.25183150312499997 0.54402224375 0.246336996875 0.5783132531249999 0.347985346875 0.5792400375
0 0.347069596875 0.6172381828125 0.3452380953125 0.5820203890625 0.239926740625 0.580166821875 0.24084249062500002 0.6172381828125 0.347069596875 0.6172381828125
0 0.34432234375 0.658943465625 0.34249084218750003 0.6190917515625001 0.24175824218750003 0.6218721031250001 0.2426739921875 0.657089896875 0.34432234375 0.658943465625
0 0.346153846875 0.6969416125000001 0.347069596875 0.6552363296875 0.23901098906249998 0.65801668125 0.24084249062500002 0.6941612609375001 0.346153846875 0.6969416125000001