0 0.1368876078125 0.7393939390625001 0.1959654171875 0.7393939390625001 0.187319884375 0.565151515625 0.1224783859375 0.5636363640625001 0.1181556203125 0.66818181875 0.139769453125 0.66818181875 0.1368876078125 0.7393939390625001
0 0.1930835734375 0.6121212125 0.197406340625 0.7393939390625001 0.24639769375 0.7378787875 0.2478386171875 0.6106060609374999 0.2334293953125 0.565151515625 0.1902017296875 0.565151515625 0.1930835734375 0.6121212125
0 0.244956771875 0.6075757578125 0.242074928125 0.7378787875 0.2896253609375 0.7424242421875 0.296829971875 0.571212121875 0.25360230625 0.571212121875 0.244956771875 0.6075757578125
0 0.345821325 0.609090909375 0.331412103125 0.6075757578125 0.331412103125 0.571212121875 0.29827089375 0.5666666671875 0.2953890484375 0.7454545453125 0.3386167140625 0.740909090625 0.345821325 0.609090909375
0 0.341498559375 0.7378787875 0.38760806875 0.740909090625 0.3948126796875 0.5666666671875 0.345821325 0.5621212124999999 0.3501440921875 0.6106060609374999 0.341498559375 0.7378787875
0 0.3962536015625 0.5621212124999999 0.3919308359375 0.7439393937500001 0.4337175796875 0.7424242421875 0.4423631125 0.6106060609374999 0.427953890625 0.6106060609374999 0.42651296875 0.5606060609375 0.3962536015625 0.5621212124999999
0 0.482708934375 0.740909090625 0.4899135453125 0.5681818187500001 0.4466858796875 0.5666666671875 0.4351585015625 0.7393939390625001 0.482708934375 0.740909090625
0 0.530259365625 0.740909090625 0.530259365625 0.559090909375 0.485590778125 0.559090909375 0.4812680109375 0.7424242421875 0.530259365625 0.740909090625
0 0.5317002875 0.609090909375 0.5331412109375 0.746969696875 0.5907780984375 0.7439393937500001 0.58645533125 0.5681818187500001 0.5446685875 0.5636363640625001 0.546109509375 0.6106060609374999 0.5317002875 0.609090909375
0 0.585014409375 0.559090909375 0.5951008640625 0.746969696875 0.6325648421875 0.7439393937500001 0.6354466859375 0.6106060609374999 0.6195965421875 0.6106060609374999 0.6210374640625 0.5606060609375 0.585014409375 0.559090909375
0 0.6340057640625 0.6136363640625 0.6354466859375 0.7454545453125 0.6801152734375 0.7424242421875 0.684438040625 0.565151515625 0.642651296875 0.5666666671875 0.64409221875 0.6166666671875001 0.6340057640625 0.6136363640625
0 0.6801152734375 0.55606060625 0.684438040625 0.75 0.7363112390625 0.7439393937500001 0.7348703171875 0.60606060625 0.7190201734375 0.60606060625 0.71757925 0.553030303125 0.6801152734375 0.55606060625
0 0.7795389046875 0.7484848484375 0.78242075 0.5606060609375 0.7391930828125 0.5696969703125 0.7377521609375 0.7424242421875 0.7795389046875 0.7484848484375
0 0.8270893375 0.5575757578125 0.783861671875 0.5621212124999999 0.783861671875 0.7424242421875 0.828530259375 0.740909090625 0.8270893375 0.5575757578125
0 0.884726225 0.740909090625 0.88760806875 0.66818181875 0.902017290625 0.6696969703125 0.8962536015625 0.5666666671875 0.828530259375 0.5696969703125 0.8342939484375 0.740909090625 0.884726225 0.740909090625
0 0.141210375 0.934848484375 0.139769453125 0.8954545453125 0.1512968296875 0.8954545453125 0.1469740640625 0.7651515156250001 0.0893371765625 0.7666666671875 0.0922190203125 0.9363636359375 0.141210375 0.934848484375
0 0.197406340625 0.9424242421875 0.197406340625 0.76818181875 0.1512968296875 0.7621212125 0.158501440625 0.9424242421875 0.197406340625 0.9424242421875
0 0.231988471875 0.9378787875000001 0.2348703171875 0.8924242421875 0.244956771875 0.8924242421875 0.24351585 0.7696969703125001 0.200288184375 0.76818181875 0.203170028125 0.9393939390625 0.231988471875 0.9378787875000001
0 0.299711815625 0.94393939375 0.29827089375 0.76818181875 0.2478386171875 0.7696969703125001 0.2492795390625 0.9393939390625 0.299711815625 0.94393939375
0 0.341498559375 0.94393939375 0.3371757921875 0.76818181875 0.296829971875 0.7666666671875 0.3011527375 0.940909090625 0.341498559375 0.94393939375
0 0.3904899140625 0.9363636359375 0.3904899140625 0.7651515156250001 0.345821325 0.7621212125 0.3487031703125 0.9378787875000001 0.3904899140625 0.9363636359375
0 0.4236311234375 0.934848484375 0.440922190625 0.8984848484375 0.4322766578125 0.7666666671875 0.3904899140625 0.7651515156250001 0.3904899140625 0.9363636359375 0.4236311234375 0.934848484375
0 0.4913544671875 0.940909090625 0.48414985625 0.76818181875 0.4351585015625 0.7606060609374999 0.44524495625 0.9393939390625 0.4913544671875 0.940909090625
0 0.5317002875 0.94393939375 0.5331412109375 0.771212121875 0.488472621875 0.7666666671875 0.4942363109375 0.9378787875000001 0.5317002875 0.94393939375
0 0.587896253125 0.94393939375 0.5893371765625 0.7621212125 0.5345821328125 0.7666666671875 0.5360230546875 0.9393939390625 0.587896253125 0.94393939375
0 0.629682996875 0.76818181875 0.5922190203125 0.7666666671875 0.5893371765625 0.940909090625 0.6239193078125 0.9393939390625 0.629682996875 0.76818181875
0 0.639769453125 0.9424242421875 0.6858789625 0.9424242421875 0.6801152734375 0.7666666671875 0.63112391875 0.76818181875 0.629682996875 0.8984848484375 0.639769453125 0.9424242421875
0 0.7204610953125 0.9378787875000001 0.7247838609375 0.7666666671875 0.6757925078125 0.76818181875 0.6858789625 0.9333333328125001 0.7204610953125 0.9378787875000001
0 0.742074928125 0.890909090625 0.742074928125 0.9393939390625 0.7795389046875 0.9393939390625 0.7766570609375 0.7651515156250001 0.7247838609375 0.7666666671875 0.7190201734375 0.89393939375 0.742074928125 0.890909090625
0 0.8198847265625 0.934848484375 0.8242074921875 0.7696969703125001 0.7752161390625 0.76818181875 0.783861671875 0.940909090625 0.8198847265625 0.934848484375
0 0.8357348703125 0.8924242421875 0.831412103125 0.9378787875000001 0.902017290625 0.9363636359375 0.8962536015625 0.84393939375 0.884726225 0.8287878781250001 0.8818443796875 0.7636363640625 0.8270893375 0.7666666671875 0.8242074921875 0.8878787875 0.8357348703125 0.8924242421875
0 0.1512968296875 0.421212121875 0.154178675 0.46363636406250003 0.1988472625 0.46363636406250003 0.1945244953125 0.27272727343750003 0.1066282421875 0.2696969703125 0.1037463984375 0.4166666671875 0.1512968296875 0.421212121875
0 0.2334293953125 0.465151515625 0.2334293953125 0.41363636406250004 0.2478386171875 0.41363636406250004 0.2391930828125 0.27272727343750003 0.1959654171875 0.2696969703125 0.1959654171875 0.46212121249999993 0.2334293953125 0.465151515625
0 0.29827089375 0.46212121249999993 0.2910662828125 0.274242425 0.24063400625 0.2696969703125 0.2478386171875 0.46363636406250003 0.29827089375 0.46212121249999993
0 0.3328530265625 0.45909090937499997 0.3270893375 0.4166666671875 0.34293948125 0.4227272734375 0.3371757921875 0.274242425 0.2896253609375 0.2696969703125 0.296829971875 0.4575757578125 0.3328530265625 0.45909090937499997
0 0.3948126796875 0.46212121249999993 0.389048990625 0.275757575 0.3386167140625 0.27272727343750003 0.3487031703125 0.46363636406250003 0.3948126796875 0.46212121249999993
0 0.4293948125 0.46212121249999993 0.4351585015625 0.41969697031250003 0.443804034375 0.41969697031250003 0.440922190625 0.271212121875 0.3904899140625 0.27272727343750003 0.3933717578125 0.46363636406250003 0.4293948125 0.46212121249999993
0 0.485590778125 0.46363636406250003 0.48414985625 0.274242425 0.440922190625 0.274242425 0.44524495625 0.46212121249999993 0.485590778125 0.46363636406250003
0 0.5259366 0.45909090937499997 0.527377521875 0.41969697031250003 0.5360230546875 0.41969697031250003 0.5360230546875 0.275757575 0.488472621875 0.2772727265625 0.485590778125 0.46060606093749995 0.5259366 0.45909090937499997
0 0.587896253125 0.46212121249999993 0.5806916421875 0.2803030296875 0.5389048984375 0.27272727343750003 0.540345821875 0.46212121249999993 0.587896253125 0.46212121249999993
0 0.6239193078125 0.46363636406250003 0.62536023125 0.41969697031250003 0.6368876078125 0.41818181875000004 0.626801153125 0.275757575 0.585014409375 0.278787878125 0.5893371765625 0.465151515625 0.6239193078125 0.46363636406250003
0 0.6858789625 0.46363636406250003 0.6757925078125 0.274242425 0.63112391875 0.27272727343750003 0.639769453125 0.46363636406250003 0.6858789625 0.46363636406250003
0 0.7334293953125 0.45909090937499997 0.729106628125 0.2772727265625 0.6757925078125 0.274242425 0.687319884375 0.45909090937499997 0.7334293953125 0.45909090937499997
0 0.78242075 0.46212121249999993 0.7809798265625 0.2772727265625 0.731988471875 0.27272727343750003 0.7348703171875 0.46212121249999993 0.78242075 0.46212121249999993
0 0.8198847265625 0.46212121249999993 0.8184438046875 0.41969697031250003 0.8328530265625 0.41818181875000004 0.82997118125 0.275757575 0.783861671875 0.271212121875 0.786743515625 0.46212121249999993 0.8198847265625 0.46212121249999993
0 0.8948126796875 0.33030302968749997 0.9207492796875 0.33181818125 0.9193083578125 0.271212121875 0.8328530265625 0.2772727265625 0.8400576375 0.46212121249999993 0.8948126796875 0.46060606093749995 0.8948126796875 0.33030302968749997
0 0.825648415625 0.10909090937499999 0.8242074921875 0.25 0.883285303125 0.246969696875 0.889048990625 0.1727272734375 0.9034582125 0.17727272656249998 0.8962536015625 0.0606060609375 0.8386167140625 0.06363636406249999 0.8371757921875 0.10909090937499999 0.825648415625 0.10909090937499999
0 0.8184438046875 0.10454545468750001 0.8198847265625 0.0666666671875 0.78242075 0.0666666671875 0.7766570609375 0.24848484843750002 0.8213256484375 0.24848484843750002 0.8270893375 0.10454545468750001 0.8184438046875 0.10454545468750001
0 0.74063400625 0.1106060609375 0.73054755 0.1106060609375 0.731988471875 0.24848484843750002 0.7780979828125 0.24848484843750002 0.7795389046875 0.06818181875 0.742074928125 0.0666666671875 0.74063400625 0.1106060609375
0 0.7190201734375 0.10909090937499999 0.71757925 0.0606060609375 0.684438040625 0.065151515625 0.6815561953125 0.25 0.729106628125 0.2515151515625 0.731988471875 0.10909090937499999 0.7190201734375 0.10909090937499999
0 0.63112391875 0.24545454531250002 0.6815561953125 0.24545454531250002 0.6801152734375 0.0666666671875 0.642651296875 0.06818181875 0.642651296875 0.10909090937499999 0.6340057640625 0.10909090937499999 0.63112391875 0.24545454531250002
0 0.6210374640625 0.1121212125 0.62536023125 0.06363636406249999 0.58645533125 0.065151515625 0.5835734875 0.2515151515625 0.63112391875 0.2515151515625 0.6340057640625 0.1136363640625 0.6210374640625 0.1121212125
0 0.5331412109375 0.2515151515625 0.5806916421875 0.25303030312499997 0.5806916421875 0.0666666671875 0.543227665625 0.06363636406249999 0.546109509375 0.10303030312499999 0.5331412109375 0.10303030312499999 0.5331412109375 0.2515151515625
0 0.5230547546875 0.10606060625 0.527377521875 0.0621212125 0.488472621875 0.065151515625 0.485590778125 0.24848484843750002 0.530259365625 0.246969696875 0.5345821328125 0.10454545468750001 0.5230547546875 0.10606060625
0 0.4351585015625 0.25 0.482708934375 0.25303030312499997 0.485590778125 0.065151515625 0.4481268015625 0.065151515625 0.44524495625 0.10454545468750001 0.4365994234375 0.10454545468750001 0.4351585015625 0.25
0 0.42651296875 0.10757575781249999 0.4293948125 0.06363636406249999 0.3904899140625 0.0621212125 0.389048990625 0.25303030312499997 0.4322766578125 0.2515151515625 0.4365994234375 0.10757575781249999 0.42651296875 0.10757575781249999
0 0.3400576375 0.25 0.38760806875 0.2515151515625 0.383285303125 0.06363636406249999 0.3501440921875 0.06363636406249999 0.3487031703125 0.10606060625 0.3386167140625 0.10606060625 0.3400576375 0.25
0 0.328530259375 0.10757575781249999 0.331412103125 0.0606060609375 0.2939481265625 0.05606060625 0.2910662828125 0.25 0.3357348703125 0.24848484843750002 0.3386167140625 0.10757575781249999 0.328530259375 0.10757575781249999
0 0.24063400625 0.2515151515625 0.2939481265625 0.2515151515625 0.2925072046875 0.059090909375 0.2521613828125 0.0606060609375 0.2492795390625 0.10606060625 0.24063400625 0.10606060625 0.24063400625 0.2515151515625
0 0.231988471875 0.10757575781249999 0.231988471875 0.0606060609375 0.1945244953125 0.0606060609375 0.1916426515625 0.25303030312499997 0.2391930828125 0.24848484843750002 0.244956771875 0.10757575781249999 0.231988471875 0.10757575781249999
0 0.129682996875 0.1454545453125 0.1181556203125 0.14393939375 0.115273775 0.20606060624999997 0.1340057640625 0.2106060609375 0.1383285296875 0.25303030312499997 0.18876080625 0.25757575781250003 0.1916426515625 0.0621212125 0.155619596875 0.06363636406249999 0.1498559078125 0.10454545468750001 0.1340057640625 0.10606060625 0.129682996875 0.1454545453125