0 0.102762803125 0.2145661921875 0.19654088125 0.2159685859375 0.20327942499999999 0.097232609375 0.14600179687499998 0.09629768125 0.14038634218749999 0.16361256562499998 0.1066936203125 0.154730740625 0.102762803125 0.2145661921875
0 0.2072102421875 0.09629768125 0.20103324374999998 0.20755422656250003 0.2504492359375 0.209424084375 0.2611185984375 0.09489528750000001 0.2072102421875 0.09629768125
0 0.2583108703125 0.09302543125 0.257749325 0.20241211718750002 0.31221922812499997 0.20474943906249998 0.3133423171875 0.095362753125 0.2583108703125 0.09302543125
0 0.3661275828125 0.097232609375 0.3139038625 0.0967651453125 0.3139038625 0.2070867625 0.3605121296875 0.20848915468749998 0.3661275828125 0.097232609375
0 0.4267744828125 0.07432685156249999 0.36781221875000003 0.074794315625 0.3666891296875 0.2173709796875 0.41891284687499997 0.2159685859375 0.4267744828125 0.07432685156249999
0 0.4773135671875 0.09209050156250001 0.4323899375 0.0902206421875 0.42396675625 0.20241211718750002 0.47506738593750003 0.199139865625 0.4773135671875 0.09209050156250001
0 0.53009883125 0.09629768125 0.47562893125 0.091155571875 0.4818059296875 0.2225130890625 0.5233602875 0.22204562499999997 0.53009883125 0.09629768125
0 0.5907457328125 0.0981675390625 0.530660378125 0.0967651453125 0.528414196875 0.2225130890625 0.582884096875 0.22344801875 0.5907457328125 0.0981675390625
0 0.1302785265625 0.29637247499999997 0.1291554359375 0.3856581890625 0.20777178749999997 0.4090314140625 0.22349505781249998 0.2543006734375 0.10500898437499999 0.248223634375 0.0977088953125 0.28562079375 0.1302785265625 0.29637247499999997
0 0.21956424062500002 0.2486911 0.21001797031249997 0.41277112968749996 0.25494159843749997 0.4104338078125 0.2802111421875 0.2547681375 0.21956424062500002 0.2486911
0 0.27908805000000003 0.2514958859375 0.26168014375 0.418380703125 0.3301886796875 0.41884816718750006 0.334119496875 0.2557030671875 0.27908805000000003 0.2514958859375
0 0.330750225 0.25383320781249996 0.330750225 0.4253926703125 0.3829739453125 0.42071802500000005 0.38522012656250004 0.2533657453125 0.330750225 0.25383320781249996
0 0.385781671875 0.2552356015625 0.3863432171875 0.3945400140625 0.44249775312499995 0.3982797296875 0.4413746640625 0.2552356015625 0.385781671875 0.2552356015625
0 0.4430592984375 0.25617053125 0.44362084375000005 0.40248691093750005 0.49752919999999995 0.40108451718750004 0.4997753828125 0.2580403890625 0.4430592984375 0.25617053125
0 0.598045821875 0.3968773375 0.6053459125 0.298242334375 0.5626684640625 0.29637247499999997 0.5626684640625 0.2514958859375 0.5003369281250001 0.257105459375 0.5037062 0.40295437500000003 0.598045821875 0.3968773375
0 0.2515723265625 0.5581525796875 0.24820305468749998 0.5258975312499999 0.183063790625 0.5258975312499999 0.169586703125 0.6189229625 0.1864330640625 0.67688855625 0.297619046875 0.6853029171875 0.2981805921875 0.56142483125 0.2515723265625 0.5581525796875
0 0.299303684375 0.56142483125 0.2970575015625 0.6876402390624999 0.347035040625 0.6881077046875 0.3548966765625 0.560489903125 0.299303684375 0.56142483125
0 0.34871967656249997 0.6628646218750001 0.4071203953125 0.6666043375 0.4110512125 0.5609573671875 0.35938903906249997 0.5609573671875 0.34871967656249997 0.6628646218750001
0 0.4110512125 0.5053290953125 0.4082434859375 0.6881077046875 0.45822102343750004 0.683433059375 0.4745058390625 0.5100037390625001 0.4110512125 0.5053290953125
0 0.5233602875 0.6716945062499999 0.5295372859375 0.6394394578125 0.52560646875 0.5609054265625 0.47169811250000004 0.5623078203125 0.4632749328125 0.667954790625 0.5233602875 0.6716945062499999
0 0.5879380046875 0.5516080765625 0.5261680140625 0.5595549734375 0.528975740625 0.6404263265625 0.5840071874999999 0.6404263265625 0.5879380046875 0.5516080765625
0 0.324573225 0.8475130890625 0.385781671875 0.85452505625 0.3869047625 0.7624345546875 0.332434859375 0.7600972328125 0.324573225 0.8475130890625
0 0.3869047625 0.7638369484374999 0.38522012656250004 0.85452505625 0.4413746640625 0.8573298421875 0.44642857031250005 0.7661742703125001 0.3869047625 0.7638369484374999
0 0.444182390625 0.7600972328125 0.4413746640625 0.8591996999999999 0.49752919999999995 0.8554599859375 0.49752919999999995 0.7643044125 0.444182390625 0.7600972328125
0 0.5031446546875 0.761967090625 0.4924752921875 0.8549925203125 0.5553683734375 0.8582647718749999 0.554806828125 0.7666417359375 0.5031446546875 0.761967090625
0 0.5553683734375 0.7652393421875 0.5576145546875 0.8573298421875 0.6193845453125 0.8624719515624999 0.613207546875 0.7713163796875 0.5553683734375 0.7652393421875
0 0.8756278078124999 0.8409685859374999 0.8761893531249999 0.9223074046875 0.9351516171875 0.92698205 0.9355345906249999 0.847045625 0.8756278078124999 0.8409685859374999
0 0.9125112312500001 0.1756630515625 0.902964959375 0.11162041874999999 0.8271563343749999 0.11489267031249999 0.8310871531249999 0.1438754671875 0.779424978125 0.1490175765625 0.7805480671875 0.22474682031249998 0.9456424078125 0.22427935781250002 0.9512578609375 0.18174009062500002 0.9125112312500001 0.1756630515625
0 0.9456424078125 0.30291697812499996 0.9428346812499999 0.22859012656250002 0.8866801437499999 0.2262528046875 0.887803234375 0.30291697812499996 0.9456424078125 0.30291697812499996
0 0.950696315625 0.3758414359375 0.950696315625 0.30899401718749997 0.8855570531250001 0.310863875 0.8883647796874999 0.375373971875 0.950696315625 0.3758414359375
0 0.879380053125 0.37911368749999996 0.8922955968749999 0.4459611078125 0.952380953125 0.4459611078125 0.9501347703125 0.38191847343749996 0.879380053125 0.37911368749999996
0 0.8816262359374999 0.4445587140625 0.8861185984375 0.5109386687499999 0.9484501359375 0.5090688109375 0.9478885890625 0.44783096406249995 0.8816262359374999 0.4445587140625
0 0.8782569640625001 0.51701570625 0.8788185078125 0.5749813015624999 0.9422731359375 0.5759162296875 0.9456424078125 0.5128085265625 0.8782569640625001 0.51701570625
0 0.8789970796875 0.5787210171875 0.8789970796875 0.6422961859375 0.9355345906249999 0.645100971875 0.9349730453125 0.577318625 0.8789970796875 0.5787210171875
0 0.8767508984375001 0.645100971875 0.8750662625000001 0.70961106875 0.9360961375000001 0.70961106875 0.9377807718750001 0.6455684374999999 0.8767508984375001 0.645100971875
0 0.8782569640625001 0.7801982062499999 0.9366576828125 0.779730740625 0.9400269546875 0.7156881078125 0.877133871875 0.7133507859375 0.8782569640625001 0.7801982062499999