0 0.42824473437500005 0.7815560921875 0.497753509375 0.7633568562499999 0.49480822187499995 0.6996595296875 0.4983425671875 0.6228183078125 0.4771365 0.6238293781250001 0.46123195 0.65112823125 0.42588850625 0.6541614375 0.42824473437500005 0.7815560921875
0 0.49716445 0.705725940625 0.5001097375 0.7633568562499999 0.4924519921875 0.772456475 0.497753509375 0.799755328125 0.5354531828125 0.7896446421875 0.52897355 0.6986484609375 0.5348641265625 0.6197851015625 0.5001097375 0.6238293781250001 0.49716445 0.705725940625
0 0.53132978125 0.6996595296875 0.5372203546875001 0.76032365 0.5619607671875 0.7512240328125 0.5572483078125 0.6865156375 0.5607826499999999 0.625851515625 0.5354531828125 0.6238293781250001 0.53132978125 0.6996595296875
0 0.5590154796875 0.6925820468749999 0.56313888125 0.7815560921875 0.596715153125 0.7744786125 0.5937698671875 0.6824713609375 0.59259175 0.6167518984375 0.56019359375 0.6167518984375 0.5590154796875 0.6925820468749999
0 0.5867011765625 0.56013205 0.5896464640625 0.6116965515625 0.596715153125 0.7825671609375 0.6750597890625001 0.7684121984375001 0.6644567546875 0.604619071875 0.6373601140625 0.596530521875 0.63677105625 0.5479992265625 0.5867011765625 0.56013205
0 0.65208655 0.9544488390625 0.641483515625 0.908950746875 0.6467850328125 0.84929769375 0.5961260953124999 0.8482866250000001 0.5908245796875 0.9119839531249999 0.6014276125 0.9635484546875001 0.65208655 0.9544488390625
0 0.65856618125 0.95545990625 0.6797722484375 0.9514156312500001 0.673292615625 0.901873265625 0.6756488453125 0.8432312812499999 0.6497303203125 0.84424235 0.6444288031250001 0.9079396765625001 0.65856618125 0.95545990625
0 0.676237903125 0.8988400593750001 0.6827175343749999 0.9504045624999999 0.717471921875 0.9443381499999999 0.7074579453125 0.895806853125 0.709814175 0.8371648703125001 0.6756488453125 0.8381759375 0.676237903125 0.8988400593750001
0 0.717471921875 0.9392828062499999 0.7457466765625 0.9311942562500001 0.7398561031249999 0.887718303125 0.7457466765625 0.8310984578125 0.7127594625 0.83312059375 0.7109922906249999 0.895806853125 0.717471921875 0.9392828062499999
0 0.7457466765625 0.92917211875 0.77932295 0.9241167765625 0.7728433171875 0.8826629609375001 0.7757886046875 0.8300873875000001 0.7486919640624999 0.8280652515625 0.7433904484375 0.887718303125 0.7457466765625 0.92917211875
0 0.77932295 0.92917211875 0.8087758203125001 0.9231057093749999 0.8052414750000001 0.8786186859375 0.810542990625 0.821998840625 0.7805010640625001 0.8250320453125 0.7757886046875 0.8796297531249999 0.77932295 0.92917211875
0 0.8134882781250001 0.9231057093749999 0.8464754937500001 0.915017159375 0.8411739765625 0.8796297531249999 0.8452973781249999 0.8139102906250001 0.8140773359375 0.8199767015624999 0.8093648765625 0.8715412046875001 0.8134882781250001 0.9231057093749999
0 0.85236606875 0.9170392953125001 0.880051765625 0.918050365625 0.87239401875 0.8725522734375 0.873572134375 0.807843878125 0.8452973781249999 0.8139102906250001 0.84294115 0.8705301375 0.85236606875 0.9170392953125001
0 0.8824079953125 0.9170392953125001 0.91303898125 0.9109728828125 0.9083265218750001 0.8624415875 0.9112718093750001 0.799755328125 0.8771064781250001 0.807843878125 0.8753393078125 0.8664858609375001 0.8824079953125 0.9170392953125001
0 0.9189295546875 0.9129950203125 0.950149596875 0.9079396765625001 0.9495605390625 0.8806408234375 0.9589854578124999 0.8715412046875001 0.9560401703125001 0.83514273125 0.9507386546875001 0.83312059375 0.9554511140624999 0.7957110546874999 0.911860865625 0.7977331921874999 0.9112718093750001 0.86547479375 0.9189295546875 0.9129950203125
0 0.7210062671874999 0.7016816671874999 0.7227734375 0.731002659375 0.7763776625000001 0.714825559375 0.7628293421875 0.6612389171874999 0.7628293421875 0.596530521875 0.724540609375 0.604619071875 0.7168828640625 0.6420286140625 0.7104032328125001 0.656183575 0.7127594625 0.6925820468749999 0.7210062671874999 0.7016816671874999
0 0.7805010640625001 0.7128034234375 0.8017071296875 0.705725940625 0.793460328125 0.6460728875 0.7969946703125 0.596530521875 0.7663636875 0.5975415921875 0.7675418015625 0.65112823125 0.7805010640625001 0.7128034234375
0 0.8028852453124999 0.7047148734375 0.8394068046875001 0.6966263234375 0.8293928296875 0.6460728875 0.832338115625 0.58743090625 0.79876184375 0.593497315625 0.79876184375 0.6541614375 0.8028852453124999 0.7047148734375
0 0.8423520906249999 0.6986484609375 0.873572134375 0.6925820468749999 0.8653253296875001 0.6491060937500001 0.8635581578125 0.626862584375 0.8718049625000001 0.57934235625 0.8352834031249999 0.5843976984375 0.8317490578125 0.6410175453125 0.8423520906249999 0.6986484609375
0 0.8729830765625 0.6865156375 0.8983125453125 0.6814602937500001 0.9000797171875 0.5823755625 0.874161190625 0.57934235625 0.8647362734374999 0.636973271875 0.8729830765625 0.6865156375
0 0.9436699656249999 0.6582057140625001 0.9466152515624999 0.609674415625 0.9389575062500001 0.596530521875 0.94190279375 0.57125380625 0.9024359484375 0.57125380625 0.8947782015625 0.700670596875 0.9389575062500001 0.6925820468749999 0.9436699656249999 0.6582057140625001
0 0.3151457125 0.46509159375 0.30748796718750004 0.3912835796875 0.3127894828125 0.296243125 0.26684300625 0.3023095375 0.256239971875 0.3912835796875 0.2686101765625 0.4782354875 0.3151457125 0.46509159375
0 0.318091 0.46104731875000005 0.3652155921875 0.4519477015625 0.3557906734375 0.3902725125 0.36109219062500003 0.3285973203125 0.3764076828125 0.32455304687500003 0.3828873140625 0.27501068125 0.342242353125 0.26894426875 0.3369408359375 0.29725419375 0.3157347703125 0.2982652609375 0.310433253125 0.3902725125 0.318091 0.46104731875000005
0 0.36403747656249996 0.33365266718750003 0.359914075 0.38723930625 0.3663937078125 0.45902518125 0.4353134234375 0.45700304531249997 0.4264775625 0.3831950296875 0.4264775625 0.3012984671875 0.383476371875 0.3114091546875 0.3793529703125 0.3285973203125 0.36403747656249996 0.33365266718750003
0 0.4423821125 0.29422098750000003 0.431190021875 0.30028739843749996 0.42765567656250003 0.3740954125 0.4364915390625 0.444870221875 0.5024659687499999 0.433748465625 0.4936301078125 0.36904007031249997 0.48891764843749996 0.25276717187500003 0.44179305468749996 0.25984465156250003 0.4423821125 0.29422098750000003
0 0.5295429203124999 0.2678913140625 0.511148271875 0.2707615765625 0.5133779265625 0.24110218125 0.4927536234375 0.2449291984375 0.49665551875 0.3693073078125 0.5078037906249999 0.44680444062499997 0.6137123734375 0.42288557187500003 0.6053511703125001 0.331037121875 0.6036789296875 0.2449291984375 0.5312151625 0.240145428125 0.5295429203124999 0.2678913140625
0 0.12253155 0.1540375046875 0.124203790625 0.231534634375 0.15095964374999998 0.24301569218750002 0.153189296875 0.2784156140625 0.2267678921875 0.27171833125 0.2139473796875 0.199961728125 0.21450479374999998 0.10332950781250001 0.16499442656250002 0.1186375828125 0.1610925296875 0.047837734375 0.0851848375 0.0641025640625 0.0907589734375 0.16456180625 0.12253155 0.1540375046875
0 0.238573021875 0.097588978125 0.2173913046875 0.116724071875 0.2172918625 0.199961728125 0.2284401328125 0.2631075390625 0.28864080312499996 0.2449291984375 0.2813944265625 0.1789131265625 0.28929765937499996 0.0621890546875 0.24303232968750002 0.0774971296875 0.238573021875 0.097588978125
0 0.2982162765625 0.09089169687500001 0.287525975 0.0928052046875 0.2847389078125 0.1808266375 0.2942149390625 0.24875621875 0.355530434375 0.24110218125 0.3482840578125 0.174129353125 0.35395763593749996 0.051664753125 0.2976588625 0.0545350171875 0.2982162765625 0.09089169687500001
0 0.375597325 0.08036739375 0.35608784843749997 0.0851511671875 0.3527433671875 0.17699961718749999 0.357202675 0.2439724453125 0.4185181703125 0.23057788124999998 0.411829209375 0.1597780328125 0.421862653125 0.043053960937500003 0.3794992203125 0.0440107171875 0.375597325 0.08036739375
0 0.4670131546875 0.0038270203125 0.4263219625 0.010524301562500001 0.4140588625 0.1693455796875 0.425207134375 0.24971297187500002 0.49042452656249996 0.240145428125 0.48094849531249995 0.154994259375 0.4859652171875 0.056448528124999994 0.4670131546875 0.05931879062499999 0.4670131546875 0.0038270203125
0 0.7897704562500001 0.38652889375 0.788098215625 0.362610028125 0.7981316609375 0.36165327187499996 0.7947871796875 0.311902028125 0.7429477140625 0.33677765000000004 0.696124971875 0.331993875 0.6994694531250001 0.3989667046875 0.7507515046875 0.4056639875 0.7897704562500001 0.38652889375
0 0.7853111484374999 0.30711825312499996 0.7964594203125 0.300420971875 0.792557525 0.26502105 0.7423903015625 0.28224263125000004 0.6955675578125 0.28702640625 0.6972398 0.33008036875 0.743505128125 0.33295063125 0.784196321875 0.3138155375 0.7853111484374999 0.30711825312499996
0 0.7914426984375 0.25832376562500003 0.78921304375 0.22005357656250002 0.7797370109374999 0.22101033281250002 0.7791795984375 0.2037887484375 0.7396032328125 0.22101033281250002 0.68776376875 0.2190968234375 0.6938953171875 0.280329125 0.7429477140625 0.27554534999999997 0.7914426984375 0.25832376562500003
0 0.7763925296874999 0.199961728125 0.774720290625 0.1913509375 0.790885284375 0.1913509375 0.7853111484374999 0.14925373125000002 0.74852185 0.166475315625 0.68776376875 0.174129353125 0.6855341125 0.216226559375 0.7373735781249999 0.2181400703125 0.7763925296874999 0.199961728125
0 0.787540803125 0.1387294296875 0.7830814937499999 0.105243015625 0.73235685625 0.1186375828125 0.69110825 0.101415996875 0.6894360093749999 0.16456180625 0.7379309921874999 0.16551856250000002 0.774720290625 0.14925373125000002 0.787540803125 0.1387294296875
0 0.77081839375 0.0774971296875 0.784196321875 0.066016075 0.7769499453125001 0.03157290625 0.7312420296875 0.046880979687500005 0.6894360093749999 0.043053960937500003 0.6894360093749999 0.09184845 0.7345865093749999 0.1128970515625 0.7741628765625 0.10332950781250001 0.77081839375 0.0774971296875
0 0.7786221859375 0.030616149999999998 0.7797370109374999 0.0038270203125 0.682747046875 0.0028702640625 0.6888785953125 0.0200918484375 0.6894360093749999 0.0363566796875 0.7278975484375 0.043053960937500003 0.7786221859375 0.030616149999999998
0 0.923549721875 0.3587830078125 0.9202052390625 0.3032912359375 0.8722676703125 0.3176425578125 0.8343635453125 0.32338308437499996 0.8360357859375 0.3846153859375 0.8639064671875 0.38652889375 0.908499553125 0.37600459218750004 0.923549721875 0.3587830078125
0 0.9174181703125001 0.2449291984375 0.8666935328125 0.2621507828125 0.8304616499999999 0.2602372765625 0.8332487171875 0.3166858015625 0.87115284375 0.31477229375000004 0.9207626531249999 0.2994642171875 0.9174181703125001 0.2449291984375
0 0.8694806015625 0.257367009375 0.9213200671875 0.23918867187499998 0.9218774812499999 0.1789131265625 0.8611193984375 0.19804822187499999 0.8193133781249999 0.19326444843749999 0.8260023406249999 0.250669728125 0.8694806015625 0.257367009375
0 0.8627916390625 0.1942212015625 0.9179755859375 0.174129353125 0.9179755859375 0.1282051296875 0.8605619843750001 0.1444699578125 0.8165263093749999 0.14255644843749998 0.8187559640625001 0.189437428125 0.8627916390625 0.1942212015625
0 0.908499553125 0.124378109375 0.9062699000000001 0.106199771875 0.9174181703125001 0.0956754671875 0.9185329984375 0.0602755453125 0.8633490515625001 0.0870646765625 0.8170837234375 0.0880214296875 0.8165263093749999 0.132032146875 0.8594471562500001 0.139686184375 0.908499553125 0.124378109375
0 0.9146311046875001 0.0612323015625 0.9135162765624999 0.0353999234375 0.9051550718750001 0.0382701859375 0.9034828312500001 0.019135093750000002 0.856102675 0.037313432812500005 0.8120670015625 0.03157290625 0.8137392421874999 0.0870646765625 0.856102675 0.0880214296875 0.9146311046875001 0.0612323015625
0 0.8973512828124999 0 0.809837346875 0.0028702640625 0.8126244140625 0.0277458859375 0.8583323296875 0.032529659375 0.8990235234374999 0.0181783390625 0.8973512828124999 0