0 0.1161866921875 0.12429031718750001 0.2115193640625 0.138100353125 0.3157894734375 0.12352309375 0.313803375 0.06444683125 0.2512413109375 0.061377934375 0.2115193640625 0.0698174015625 0.15292949375 0.0659812796875 0.132075471875 0.08362743593750001 0.1161866921875 0.090532453125 0.1161866921875 0.12429031718750001
0 0.0804369421875 0.1902715984375 0.201588878125 0.197176615625 0.3296921546875 0.18183213125 0.3257199609375 0.12429031718750001 0.2115193640625 0.1419364734375 0.0834160875 0.1158508515625 0.0804369421875 0.1902715984375
0 0.314796425 0.23937394531249997 0.3118172796875 0.20715052968749997 0.28003972187500004 0.1887371484375 0.201588878125 0.2002455109375 0.08242303906250001 0.19410771875 0.0844091359375 0.24167561875 0.15590863906250002 0.23707227187500002 0.154915590625 0.25241675625000004 0.20456802500000001 0.2539512046875 0.314796425 0.23937394531249997
0 0.2065541203125 0.255485653125 0.1191658390625 0.2508823078125 0.11420059687499999 0.29921743125 0.20754717031249997 0.3084241203125 0.32671300937500003 0.2915451890625 0.3197616671875 0.23937394531249997 0.2065541203125 0.255485653125
0 0.2810327703125 0.3237686046875 0.307845084375 0.3206997078125 0.316782521875 0.2953813109375 0.1986097328125 0.3130274671875 0.11320754687500001 0.303053553125 0.1171797421875 0.35369034843749997 0.20754717031249997 0.35752646875 0.27706057500000003 0.34601810624999996 0.2810327703125 0.3237686046875
0 0.30287984218749997 0.34601810624999996 0.2095332671875 0.3636642625 0.12015888906250001 0.3590609171875 0.11420059687499999 0.4104649375 0.20854021875 0.4181371796875 0.3118172796875 0.40586159374999997 0.30287984218749997 0.34601810624999996
0 0.313803375 0.43808500937500006 0.308838134375 0.4104649375 0.2095332671875 0.42274052500000003 0.12015888906250001 0.41736995468750004 0.1211519359375 0.46263618281249996 0.2135054625 0.4764462171875 0.29195630625 0.4595672859375 0.2840119171875 0.436550559375 0.313803375 0.43808500937500006
0 0.3326713 0.454963940625 0.21251241250000003 0.48104956249999997 0.1261171796875 0.4680067515625 0.1171797421875 0.51173853125 0.20854021875 0.530919134375 0.322740815625 0.5247813406249999 0.33366434843750004 0.5255485656250001 0.3326713 0.454963940625
0 0.32671300937500003 0.6260549328125 0.3326713 0.5769525859375 0.32671300937500003 0.5286174625 0.20754717031249997 0.53398803125 0.1161866921875 0.5094368578124999 0.08738828125 0.5155746515625 0.0883813296875 0.602270984375 0.2284011921875 0.5999693109375 0.21946375312500002 0.6306582781250001 0.32671300937500003 0.6260549328125
0 0.52333664375 0.1450053703125 0.4786494546875 0.14884149062500002 0.4736842109375 0.1657204234375 0.45878848124999994 0.16955654375 0.460774578125 0.1833665796875 0.47169811250000004 0.184133803125 0.4736842109375 0.2017799609375 0.5064548171875 0.20101273593750002 0.5094339625 0.22940003125000002 0.604766634375 0.23707227187500002 0.6663356515625 0.22863280625 0.6633565031249999 0.1526776125 0.604766634375 0.164185975 0.530287984375 0.1588154046875 0.52333664375 0.1450053703125
0 0.5014895734375 0.213288321875 0.44289970156249997 0.21635722031250001 0.44885799375 0.283872946875 0.5084409125 0.2738990328125 0.5153922546875 0.284640171875 0.6007944390625 0.2915451890625 0.6603773578125 0.285407396875 0.6653426015624999 0.2355378234375 0.6017874875 0.24167561875 0.5084409125 0.22940003125000002 0.5014895734375 0.213288321875
0 0.4786494546875 0.33681141718749996 0.6057596828125 0.3506214515625 0.67130089375 0.3383458640625 0.6653426015624999 0.28847629375 0.604766634375 0.2953813109375 0.4796425015625 0.2823385 0.4786494546875 0.33681141718749996
0 0.49155908750000005 0.35675924531250003 0.46673287031250005 0.360595365625 0.4707050640625 0.39281878125 0.6077457796875 0.40586159374999997 0.67130089375 0.39742212656250003 0.669314796875 0.3398803140625 0.6067527296875 0.3529231234375 0.49553128125 0.3383458640625 0.49155908750000005 0.35675924531250003
0 0.5173783515625 0.46110173281250005 0.613704071875 0.46263618281249996 0.6722939421875 0.45112781875 0.6732869906250001 0.4035599203125 0.6097318781250001 0.4104649375 0.5124131078125 0.40125824843749996 0.5173783515625 0.46110173281250005
0 0.48162859999999996 0.472610096875 0.4846077453125 0.507902409375 0.6067527296875 0.5217124453124999 0.67130089375 0.5155746515625 0.6673287 0.4564983890625 0.6097318781250001 0.4680067515625 0.5084409125 0.46340340625 0.48162859999999996 0.472610096875
0 0.51439920625 0.56928034375 0.6166832171875 0.573116465625 0.6722939421875 0.5646769984375 0.67130089375 0.5178763234375 0.6067527296875 0.5247813406249999 0.5114200609374999 0.5155746515625 0.51439920625 0.56928034375
0 0.5124131078125 0.5815559296874999 0.47666335625 0.5907626203125 0.48162859999999996 0.6260549328125 0.5084409125 0.6237532609375 0.5263157890625 0.6321927281249999 0.6196623640625 0.633727175 0.6583912609375 0.602270984375 0.683217478125 0.6061071046875 0.68123138125 0.5639097734375 0.6156901671874999 0.5761853609375 0.5124131078125 0.5677458953125 0.5124131078125 0.5815559296874999
0 0.8808341609375001 0.19487494375 0.909632571875 0.1925732703125 0.904667328125 0.14884149062500002 0.8023833171874999 0.16265152656249998 0.7140019875 0.15037594062499998 0.7169811328125 0.21789166718750003 0.8043694125 0.2324689265625 0.8848063546875 0.2155899953125 0.8808341609375001 0.19487494375
0 0.91261171875 0.2570201 0.9116186703125001 0.2155899953125 0.8023833171874999 0.2363050484375 0.7030784515625 0.21865889218749998 0.7030784515625 0.27543348125 0.8023833171874999 0.28847629375 0.8798411109375 0.27620070625 0.8877855015625 0.26239067031249996 0.91261171875 0.2570201
0 0.8838133078125001 0.31072579375 0.9324726906249999 0.30612244843749997 0.9384309828124999 0.2746662578125 0.8887785515625 0.2746662578125 0.8023833171874999 0.2915451890625 0.7020854015625 0.2800368265625 0.701092353125 0.3329752953125 0.7934458796875 0.3475525546875 0.8788480640625 0.33681141718749996 0.8838133078125001 0.31072579375
0 0.9086395218750001 0.3352769671875 0.7974180734375 0.3513886765625 0.7030784515625 0.33374251875 0.69910625625 0.39281878125 0.8053624625 0.4004910234375 0.9086395218750001 0.3889826609375 0.9086395218750001 0.3352769671875
0 0.876861965625 0.4219733 0.909632571875 0.4181371796875 0.9086395218750001 0.39358600625 0.8043694125 0.40509436875000004 0.7130089374999999 0.395887678125 0.70903674375 0.448826146875 0.8013902671875 0.4564983890625 0.8738828203125 0.454963940625 0.876861965625 0.4219733
0 0.8808341609375001 0.46340340625 0.8788480640625 0.4572656140625 0.8013902671875 0.4603345109375 0.70903674375 0.45342949218750006 0.7110228390625 0.49179070156250004 0.8053624625 0.516341875 0.9155908640625 0.5002301671875 0.9116186703125001 0.472610096875 0.8808341609375001 0.46340340625
0 0.803376365625 0.5209452203125 0.7130089374999999 0.492557925 0.7130089374999999 0.5286174625 0.7199602781250001 0.5301519109374999 0.7239324734375 0.555470309375 0.8093346562500001 0.57004756875 0.9145978156250001 0.5516341875 0.918570009375 0.5063679609375 0.803376365625 0.5209452203125
0 0.9275074468750001 0.589228171875 0.923535253125 0.5524014109375 0.8113207546875 0.571582015625 0.7110228390625 0.555470309375 0.7130089374999999 0.607641553125 0.8142999 0.6291238296875 0.9205561078125 0.6122448984375 0.9205561078125 0.59306429375 0.9275074468750001 0.589228171875
0 0.8877855015625 0.6467699875 0.9106256203124999 0.636028846875 0.9155908640625 0.613779346875 0.81926514375 0.6344944 0.706057596875 0.607641553125 0.7159880828125 0.6644161421875 0.8073485609375 0.6820622984375 0.8828202578125 0.6720883843750001 0.8877855015625 0.6467699875
0 0.9384309828124999 0.6882000921875 0.9136047656249999 0.6935706625 0.904667328125 0.6644161421875 0.8867924531250001 0.665950590625 0.8828202578125 0.67592450625 0.8023833171874999 0.6851311953125 0.70903674375 0.6644161421875 0.7050645484375 0.72272518125 0.803376365625 0.742673009375 0.9205561078125 0.72809575 0.94041708125 0.7288629734375001 0.9384309828124999 0.6882000921875
0 0.9165839124999999 0.7319318703125 0.8093346562500001 0.7472763546875 0.72691161875 0.7288629734375001 0.7229394250000001 0.7787325453125 0.8133068531250001 0.7971459249999999 0.918570009375 0.78026699375 0.9165839124999999 0.7319318703125
0 0.922542203125 0.783335890625 0.8152929484375001 0.8002148218749999 0.7110228390625 0.7771980984375 0.7120158890625 0.844713825 0.8073485609375 0.8546877390625 0.9255213515625 0.836274359375 0.922542203125 0.783335890625
0 0.9195630578125 0.9544268828125 0.9275074468750001 0.9091606578125001 0.9433962265625 0.9045573125 0.9384309828124999 0.836274359375 0.8123138031250001 0.860058309375 0.7100297906249999 0.847782721875 0.714995034375 0.94445296875 0.8430983109374999 0.929875709375 0.8460774578124999 0.9559613328125 0.9195630578125 0.9544268828125