0 0.0790143296875 0.1646495921875 0.0883889109375 0.19701660625 0.1607071109375 0.196312975 0.177447434375 0.175204053125 0.17142091875 0.110470025 0.0482121328125 0.11117365625 0.0515601984375 0.16183506875 0.0790143296875 0.1646495921875
0 0.28793357343750003 0.2251618359375 0.2845855109375 0.157613284375 0.2644971203125 0.157613284375 0.26315789375 0.1336898390625 0.22298111718750002 0.124542640625 0.2162849875 0.1421334078125 0.1801258875 0.141429778125 0.1781170484375 0.19490571406249999 0.167403240625 0.2026456515625 0.1740993703125 0.2230509421875 0.28793357343750003 0.2251618359375
0 0.0776751046875 0.27582324687500004 0.08102316875 0.3011539546875 0.17543859687500002 0.303264846875 0.17543859687500002 0.23008725000000002 0.05892594062499999 0.226569096875 0.0602651671875 0.2744159859375 0.0776751046875 0.27582324687500004
0 0.0796839421875 0.3595553046875 0.08169278125 0.38629327343750003 0.176777821875 0.387700534375 0.17543859687500002 0.30819026250000003 0.058256328125 0.30748663125000003 0.060934779687499996 0.3595553046875 0.0796839421875 0.3595553046875
0 0.184143565625 0.306783 0.18213472656250002 0.3820714890625 0.29061202656249996 0.38629327343750003 0.2886031875 0.30607936874999997 0.184143565625 0.306783
0 0.0723182 0.43906557812499997 0.0729878125 0.46087813125 0.1687424671875 0.46791443906249996 0.167403240625 0.3954404734375 0.05892594062499999 0.39192231875 0.058256328125 0.43906557812499997 0.0723182 0.43906557812499997
0 0.293290478125 0.46861806875 0.292620865625 0.38910779687499997 0.2169546 0.38347875 0.21092808437500002 0.3905150578125 0.1874916296875 0.3947368421875 0.1834739515625 0.42217844062500004 0.1727601453125 0.42921474843749996 0.17543859687500002 0.465803546875 0.1874916296875 0.463692653125 0.1874916296875 0.474247115625 0.293290478125 0.46861806875
0 0.176777821875 0.5432029265625 0.17209053125 0.47917253125 0.15334136874999998 0.47213622343750006 0.0602651671875 0.4756543765625 0.06696129687499999 0.54531381875 0.176777821875 0.5432029265625
0 0.2705236375 0.4798761609375 0.1781170484375 0.481283421875 0.184143565625 0.550942865625 0.2002142765625 0.5523501265624999 0.19619659843749998 0.6107514765625 0.20958885781249997 0.6297495078125 0.238382215625 0.6255277234375 0.24440873125 0.6044188015625 0.2598098296875 0.6016042781250001 0.2805678328125 0.5790880953124999 0.2705236375 0.4798761609375
0 0.0796839421875 0.6290458765625 0.1747689828125 0.6234168296875 0.17209053125 0.5600900640625001 0.06361323125 0.559386434375 0.0642828453125 0.617084153125 0.0776751046875 0.618491415625 0.0796839421875 0.6290458765625
0 0.1968662109375 0.7352941171875 0.1908396953125 0.6480439062500001 0.1151734296875 0.652265690625 0.10914691406249999 0.6381930765625 0.0569171015625 0.643822121875 0.0562474890625 0.6972980578125 0.07700549062499999 0.6980016890625 0.07700549062499999 0.7254432875 0.1151734296875 0.7310723328125001 0.11584304375000001 0.7381086406249999 0.1968662109375 0.7352941171875
0 0.14597562656250002 0.7620320859375 0.1453060125 0.7761047 0.05758671562499999 0.7761047 0.06361323125 0.8295806359375 0.08236239375 0.8295806359375 0.08638007187499999 0.8570222359375 0.185482790625 0.8577258656250001 0.184813178125 0.763439346875 0.14597562656250002 0.7620320859375
0 0.2785589921875 0.8119898671874999 0.275880540625 0.7571066703125 0.1915093078125 0.75992119375 0.193518146875 0.8774275250000001 0.21427614843749998 0.8746130031250001 0.218293825 0.8872783562500001 0.26248828125 0.8879819859375001 0.26248828125 0.8148043906250001 0.2785589921875 0.8119898671874999
0 0.366278290625 0.8879819859375001 0.3676175171875 0.76906839375 0.2845855109375 0.7683647625 0.2886031875 0.865465803125 0.31538770625 0.8886856171874999 0.366278290625 0.8879819859375001
0 0.36895674375 0.7697720234375 0.3716351953125 0.8907965093750001 0.44261416875000004 0.8886856171874999 0.43926610468750005 0.771882915625 0.36895674375 0.7697720234375
0 0.25244408749999997 0.755699409375 0.33413686875000004 0.6754855046875 0.33212803125 0.63115676875 0.293290478125 0.5994933859375 0.1955269859375 0.7015198421875 0.25244408749999997 0.755699409375
0 0.4258738453125 0.6417112296874999 0.37029596875 0.643822121875 0.373644034375 0.6600056296875 0.3455202890625 0.660709259375 0.34351145 0.70011258125 0.3133788671875 0.7008162109375 0.31538770625 0.7683647625 0.43792687812500003 0.763439346875 0.43993571718749996 0.7099634125 0.43323958749999997 0.7022234734375 0.4258738453125 0.6417112296874999
0 0.44194455625 0.7648466078125 0.527655015625 0.7662538703124999 0.5256461765625 0.7472558390625 0.5169412078125 0.7472558390625 0.5162715953125 0.6578947359375 0.4847997859375 0.6564874765625001 0.4821213328125 0.6396003375 0.4406053296875 0.6403039671874999 0.44194455625 0.7648466078125
0 0.44462300781249997 0.763439346875 0.44596223437500004 0.8915001406249999 0.522967725 0.8851674640624999 0.5236373375000001 0.833098790625 0.5115843046874999 0.8295806359375 0.5082362390624999 0.7669575015625 0.44462300781249997 0.763439346875
0 0.5658229546875 0.8788347875 0.56850140625 0.8633549125 0.5926074734375 0.8556149734374999 0.5926074734375 0.8267661140625 0.5959555375 0.8119898671874999 0.5905986328124999 0.7866591625 0.5832328921875 0.7873627921875 0.5751975359375 0.76766113125 0.5209588859375 0.7711792843749999 0.5269854015625001 0.8436532515625 0.5243069499999999 0.84576414375 0.5243069499999999 0.8823529406249999 0.5658229546875 0.8788347875
0 0.5939466984374999 0.7620320859375 0.5946163109375 0.7022234734375 0.5986339890625 0.6614128906250001 0.5644837296875 0.65719110625 0.563814115625 0.6410075984375 0.5222981124999999 0.6388967078125 0.5249765640625 0.7606248234375 0.5939466984374999 0.7620320859375
0 0.6682737375000001 0.84576414375 0.662247221875 0.771882915625 0.5905986328124999 0.770475653125 0.6019820546875 0.8176189125000001 0.60399089375 0.8865747265625 0.6488549625 0.883056571875 0.6562207046874999 0.866873065625 0.6682737375000001 0.84576414375
0 0.6669345109375 0.763439346875 0.6702825765625 0.8781311562499999 0.7225123875 0.8739093734375001 0.7245212265625 0.8612440187500001 0.7506361328125 0.8605403890625001 0.74862729375 0.7697720234375 0.6669345109375 0.763439346875
0 0.6649256734375 0.7606248234375 0.744609615625 0.7641429765625001 0.7419311640624999 0.7247396562499999 0.7472880671875 0.7169997171875 0.7452792296874999 0.6804109203125 0.735904646875 0.678300028125 0.735235034375 0.6283422453124999 0.6609079953125 0.626934984375 0.6649256734375 0.7606248234375
0 0.7559930359375 0.7648466078125 0.8296504625000001 0.7648466078125 0.830320075 0.6163805234375 0.7613499406249999 0.61426963125 0.7559930359375 0.7648466078125
0 0.37699209843750003 0.523501265625 0.40645506875 0.5256121593749999 0.40913352031250005 0.5375738812499999 0.44328378281249997 0.5375738812499999 0.44261416875000004 0.5256121593749999 0.473416365625 0.526315790625 0.47140752656249996 0.44891640937500005 0.3763224859375 0.44891640937500005 0.37699209843750003 0.523501265625
0 0.47475559218749996 0.444694625 0.47475559218749996 0.5242048968749999 0.5765367625 0.523501265625 0.5765367625 0.444694625 0.47475559218749996 0.444694625
0 0.4700683 0.370109765625 0.3448506765625 0.36729524375 0.3441810640625 0.3665916125 0.3421722234375 0.444694625 0.47140752656249996 0.44539825468750005 0.4700683 0.370109765625
0 0.4707379140625 0.35885167500000004 0.4727467515625 0.4432873625 0.5852417296875 0.4397692078125 0.58725056875 0.3567407828125 0.4707379140625 0.35885167500000004
0 0.3408329984375 0.3616661984375 0.466050621875 0.3637770890625 0.464711396875 0.28145229375 0.34953796718749996 0.282155925 0.3555644828125 0.30748663125000003 0.33346725625 0.3145229390625 0.3408329984375 0.3616661984375
0 0.46538101093749995 0.26597241718750003 0.4700683 0.353222628125 0.5618052765625 0.3560371515625 0.559126825 0.33070644531250004 0.5798848265625 0.3271882921875 0.5765367625 0.2723050953125 0.46538101093749995 0.26597241718750003
0 0.3368153203125 0.201238390625 0.3455202890625 0.261047003125 0.4673898484375 0.2652687875 0.464041784375 0.183647621875 0.42386500624999995 0.183647621875 0.4131511984375 0.16605685312500001 0.3810097765625 0.16746411562500002 0.378331325 0.187165775 0.3589125484375 0.19983112812499998 0.3368153203125 0.201238390625
0 0.5504218562500001 0.208978328125 0.546404178125 0.1505769765625 0.486808625 0.1470588234375 0.48546939843750003 0.1899802984375 0.468729075 0.1913875609375 0.4693986875 0.2652687875 0.5751975359375 0.27019420156249996 0.573188696875 0.21531100468750003 0.5504218562500001 0.208978328125
0 0.74996651875 0.226569096875 0.7472880671875 0.158316915625 0.681665996875 0.14494793125 0.6200616046875 0.1639459609375 0.62340966875 0.218125528125 0.691040578125 0.21249648125 0.74996651875 0.226569096875
0 0.6301057984375 0.22445820468750002 0.64148921875 0.3138193078125 0.6984063203125 0.3131156765625 0.7077809015625001 0.302561215625 0.7553234234375 0.3095975234375 0.751975359375 0.23008725000000002 0.683005221875 0.21390374374999999 0.6301057984375 0.22445820468750002
0 0.6495245749999999 0.3616661984375 0.6508638 0.388404165625 0.7526449703125 0.3905150578125 0.74996651875 0.3159301984375 0.6354627015625 0.3138193078125 0.6401499937499999 0.3630734578125 0.6495245749999999 0.3616661984375
0 0.6588991562500001 0.4432873625 0.663586446875 0.465803546875 0.7479576812500001 0.4665071765625 0.7452792296874999 0.3954404734375 0.62340966875 0.396847734375 0.627427346875 0.4376583171875 0.6588991562500001 0.4432873625
0 0.6347930890625 0.524908528125 0.6522030265625001 0.5277230515625 0.652872640625 0.5572755421875 0.7479576812500001 0.559386434375 0.7479576812500001 0.48409794531249994 0.6850140625 0.48269068437499996 0.67764831875 0.47354348437500005 0.6381411546875 0.4756543765625 0.6347930890625 0.524908528125
0 0.8838891125 0.5277230515625 0.8825498875 0.4700253296875 0.745948840625 0.4728398546875 0.74996651875 0.5375738812499999 0.7780902640625 0.5361666203125 0.780099103125 0.5467210796875001 0.82228471875 0.54601745 0.825632784375 0.5607936953125 0.8684880140625 0.5629045875 0.87451453125 0.52842668125 0.8838891125 0.5277230515625
0 0.8758537562500001 0.404587671875 0.8658095625 0.4031804109375 0.8658095625 0.3806642265625 0.8771929828125 0.3764424421875 0.87518414375 0.3159301984375 0.7606803265625001 0.3018575859375 0.7466184546875 0.31170841562499996 0.74929690625 0.465803546875 0.8778625953124999 0.4665071765625 0.8758537562500001 0.404587671875