0 0.26204819218750003 0.22425249218749999 0.2389558234375 0.157807309375 0.234939759375 0.0573089703125 0.1395582328125 0.0689368765625 0.10642570312499999 0.117109634375 0.136546184375 0.23671096406249997 0.26204819218750003 0.22425249218749999
0 0.243975903125 0.1594684390625 0.270080321875 0.22425249218749999 0.32228915625 0.21926910312499998 0.2961847390625 0.153654484375 0.30421686718749996 0.0656146171875 0.23694779062500002 0.0573089703125 0.243975903125 0.1594684390625
0 0.2991967875 0.15448504999999998 0.3232931734375 0.21843853750000003 0.37048192812499997 0.21843853750000003 0.35040160625 0.1436877078125 0.344377509375 0.062292359374999995 0.3122489953125 0.06478405312499999 0.2991967875 0.15448504999999998
0 0.35441767031250004 0.135382059375 0.37148594375 0.21096345468750002 0.42369477968749997 0.2059800671875 0.40060240937499997 0.1370431890625 0.4046184734375 0.0423588046875 0.3463855421875 0.044850498437500004 0.35441767031250004 0.135382059375
0 0.40863453749999995 0.1370431890625 0.428714859375 0.20182724218749998 0.4748995984375 0.20099667812500002 0.45582329374999997 0.1320598 0.44979919687500003 0.0357142859375 0.40863453749999995 0.0390365453125 0.40863453749999995 0.1370431890625
0 0.46285140625 0.132890365625 0.4829317265625 0.2001661125 0.5361445781249999 0.2001661125 0.5070281125 0.130398671875 0.5070281125 0.0290697671875 0.4548192765625 0.03405315625 0.46285140625 0.132890365625
0 0.514056225 0.12707641249999999 0.5411646593749999 0.1993355484375 0.5933734937499999 0.1935215953125 0.571285140625 0.12043189375 0.5662650609375001 0.021594684375 0.5090361453125001 0.028239203125 0.514056225 0.12707641249999999
0 0.5742971890625 0.117109634375 0.601405621875 0.18687707656250002 0.6536144578124999 0.18189368749999998 0.62851405625 0.11544850468750001 0.62851405625 0.021594684375 0.5742971890625 0.020764120312500002 0.5742971890625 0.117109634375
0 0.63554216875 0.11295681093750001 0.6596385546875 0.18189368749999998 0.715863453125 0.17940199375000002 0.685742971875 0.11046511562500001 0.67771084375 0.021594684375 0.636546184375 0.020764120312500002 0.63554216875 0.11295681093750001
0 0.722891565625 0.176079734375 0.764056225 0.17026578125 0.7429718875 0.10963455156249999 0.7319277109375 0.0199335546875 0.685742971875 0.0174418609375 0.69176706875 0.117109634375 0.722891565625 0.176079734375
0 0.7449799203125 0.10299003281250001 0.772088353125 0.16860465156249999 0.8182730921875001 0.17026578125 0.8032128515625001 0.10132890312500001 0.7911646593749999 0.003322259375 0.7329317265624999 0.013289035937499999 0.7449799203125 0.10299003281250001
0 0.8072289156249999 0.0996677734375 0.8242971890625 0.1677740859375 0.8825301203125001 0.16611295625 0.856425703125 0.0905315609375 0.8473895578124999 0.0049833890625 0.7961847390625 0.005813953125 0.8072289156249999 0.0996677734375
0 0.8845381531250001 0.1561461796875 0.95582329375 0.15448504999999998 0.9427710843750001 0.0049833890625 0.8514056218749999 0.00664451875 0.85742971875 0.08970099687500001 0.8845381531250001 0.1561461796875
0 0.970883534375 0.16611295625 0.886546184375 0.16860465156249999 0.8674698796874999 0.22923587968749998 0.87851405625 0.3322259140625 0.965863453125 0.326411959375 0.970883534375 0.16611295625
0 0.8694779109375 0.3106312296875 0.8674698796874999 0.22674418593749998 0.8744979921875 0.1710963453125 0.8172690765624999 0.178571428125 0.8092369484375 0.235049834375 0.8263052203125 0.314784053125 0.8694779109375 0.3106312296875
0 0.8253012046875 0.3355481734375 0.8072289156249999 0.23837209375 0.8102409640625 0.17940199375000002 0.7590361453125001 0.185215946875 0.7560240968749999 0.2450166109375 0.7590361453125001 0.3438538203125 0.8253012046875 0.3355481734375
0 0.7459839359375 0.24418604687499998 0.7570281125 0.1810631234375 0.7098393578125 0.182724253125 0.6947791171875 0.2491694359375 0.7088353406250001 0.3280730890625 0.7570281125 0.323920265625 0.7459839359375 0.24418604687499998
0 0.68473895625 0.33056478437500003 0.6987951812500001 0.30398671093749996 0.69176706875 0.24667774062499997 0.7048192765625 0.1910299 0.64257028125 0.19767441875 0.63554216875 0.25083056406250004 0.6465863453125 0.32973421875 0.68473895625 0.33056478437500003
0 0.6325301203125 0.2541528234375 0.636546184375 0.196843853125 0.5883534140625 0.20182724218749998 0.5783132531249999 0.255813953125 0.6024096390625 0.3571428578125 0.6465863453125 0.3546511625 0.6325301203125 0.2541528234375
0 0.5742971890625 0.2574750828125 0.5833333328125 0.20182724218749998 0.5321285140625001 0.20348837187500002 0.5251004015625 0.2632890359375 0.5391566265625001 0.3662790703125 0.5963855421875001 0.35880398593749996 0.5742971890625 0.2574750828125
0 0.520080321875 0.262458471875 0.52811245 0.20847176093750003 0.48192771093750003 0.20681063125 0.4688755015625 0.26578073125 0.48895582343750005 0.34717607968749997 0.5331325296875 0.342192690625 0.520080321875 0.262458471875
0 0.465863453125 0.26827242500000004 0.472891565625 0.21345515 0.4246987953125 0.21096345468750002 0.41365461875 0.2707641203125 0.429718875 0.38621262500000003 0.4929718875 0.3770764125 0.465863453125 0.26827242500000004
0 0.4096385546875 0.27491694375 0.41566264999999997 0.21677740937499998 0.3744979921875 0.22009966718750001 0.3604417671875 0.2774086375 0.37951807187500003 0.3837209296875 0.421686746875 0.3779069765625 0.4096385546875 0.27491694375
0 0.35441767031250004 0.28571428593750003 0.36445783125000003 0.22591362187500003 0.314257028125 0.22840531562500002 0.30220883593750003 0.283222590625 0.321285140625 0.3928571421875 0.37148594375 0.38538205937500003 0.35441767031250004 0.28571428593750003
0 0.30020080312499997 0.28405315625 0.3062249 0.23089700937500002 0.251004015625 0.231727575 0.2399598390625 0.28156146249999997 0.2459839359375 0.3970099671875 0.3122489953125 0.389534884375 0.30020080312499997 0.28405315625
0 0.1977911640625 0.3629568109375 0.23795180781249997 0.35382059843749997 0.23192771093750003 0.2823920265625 0.243975903125 0.235049834375 0.1526104421875 0.2491694359375 0.14257028124999999 0.3014950171875 0.179718875 0.29568106250000004 0.1977911640625 0.3629568109375
0 0.7981927703125 0.5074750828125 0.893574296875 0.49335548124999995 0.9959839359375 0.490033221875 0.9939759031250001 0.3995016609375 0.844377509375 0.4061461796875 0.8403614453125 0.4360465109375 0.7981927703125 0.45182724218750003 0.7981927703125 0.5074750828125
0 0.8052208828125 0.5514950171875 0.89257028125 0.539867109375 0.9919678718749999 0.5348837203125 0.9939759031250001 0.49335548124999995 0.8895582328125 0.4950166109375 0.8032128515625001 0.5074750828125 0.8052208828125 0.5514950171875
0 0.8102409640625 0.59800664375 0.893574296875 0.5855481734375 0.9929718875000001 0.57475083125 0.9899598390625 0.5382059796875 0.893574296875 0.5415282390625 0.8062248999999999 0.5539867109375 0.8102409640625 0.59800664375
0 0.8232931734375001 0.636212625 0.8945783125 0.6279069765624999 0.9939759031250001 0.6287375421875 0.9969879515625 0.5822259140625 0.89257028125 0.5863787375 0.8112449796875 0.5996677734375 0.8232931734375001 0.636212625
0 0.8162650609375 0.6868770765625001 0.8965863453124999 0.6744186046875 0.9969879515625 0.6727574749999999 0.9939759031250001 0.6320598000000001 0.891566265625 0.6279069765624999 0.8102409640625 0.636212625 0.8162650609375 0.6868770765625001
0 0.8242971890625 0.728405315625 0.9036144578125 0.7159468437500001 0.9969879515625 0.710132890625 0.9929718875000001 0.6777408640625 0.8945783125 0.67524916875 0.8162650609375 0.6901993359375 0.8242971890625 0.728405315625
0 0.8232931734375001 0.778239203125 0.9036144578125 0.764950165625 1 0.7641196015625 0.9969879515625 0.7151162796875 0.8975903609375001 0.7159468437500001 0.8192771078125001 0.7300664453125 0.8232931734375001 0.778239203125
0 0.844377509375 0.8779069765624999 1 0.82475083125 0.998995984375 0.7682724249999999 0.9036144578125 0.76578073125 0.8333333328125001 0.778239203125 0.844377509375 0.8779069765624999
0 0.7520080328125001 0.8953488374999999 0.734939759375 0.8313953484375001 0.592369478125 0.8388704312499999 0.5331325296875 0.8504983390625 0.5411646593749999 0.9053156140624999 0.5933734937499999 0.9219269109375 0.7520080328125001 0.8953488374999999
0 0.72188755 0.8322259140625 0.7138554218750001 0.7923588046875001 0.571285140625 0.7956810625 0.522088353125 0.8064784046875 0.5361445781249999 0.84800664375 0.587349396875 0.8380398671875 0.72188755 0.8322259140625
0 0.706827309375 0.74335548125 0.5753012046875 0.7475083062500001 0.522088353125 0.75664451875 0.52309236875 0.8039867109375001 0.57931726875 0.79318936875 0.707831325 0.789867109375 0.706827309375 0.74335548125
0 0.5692771078125001 0.7458471765625 0.7098393578125 0.73837209375 0.7108433734374999 0.6943521593749999 0.5632530124999999 0.7043189375 0.5110441765625 0.710132890625 0.5180722890625 0.755813953125 0.5692771078125001 0.7458471765625
0 0.7038152609375 0.653654484375 0.55823293125 0.6619601328125 0.5120481921875 0.6636212625 0.513052209375 0.7076411953124999 0.5702811249999999 0.6968438531250001 0.70582329375 0.6910299 0.7038152609375 0.653654484375
0 0.6987951812500001 0.6503322265625 0.699799196875 0.6129568109375 0.5532128515625 0.6121262453125 0.5060240968749999 0.6212624578125 0.5120481921875 0.6586378734375 0.6987951812500001 0.6503322265625
0 0.557228915625 0.6071428578125 0.70582329375 0.6063122921875 0.7088353406250001 0.57059800625 0.5562249 0.5681063125 0.501004015625 0.5780730890625 0.5060240968749999 0.617109634375 0.557228915625 0.6071428578125
0 0.5552208828125 0.567275746875 0.729919678125 0.5689368765625 0.72188755 0.5224252484374999 0.5512048187499999 0.524086378125 0.5 0.537375415625 0.5050200796875 0.57475083125 0.5552208828125 0.567275746875
0 0.5481927703125 0.5207641203125 0.70582329375 0.519102990625 0.7038152609375 0.48421926875 0.735943775 0.475913621875 0.7379518078125 0.45431893749999996 0.6947791171875 0.42940199375 0.5060240968749999 0.4318936875 0.501004015625 0.530730896875 0.5481927703125 0.5207641203125
0 0.35742971875 0.9833887046875001 0.557228915625 0.9667774093749999 0.53714859375 0.89784053125 0.42771084375 0.898671096875 0.3453815265625 0.9136212625000001 0.35742971875 0.9833887046875001
0 0.4246987953125 0.8945182718750001 0.5311244984375 0.8953488374999999 0.527108434375 0.851328903125 0.41365461875 0.8563122921874999 0.356425703125 0.8679401999999999 0.37048192812499997 0.9044850500000001 0.4246987953125 0.8945182718750001
0 0.41867469843749994 0.8529900328125001 0.5240963859375001 0.8463455156249999 0.52309236875 0.799003321875 0.40863453749999995 0.8098006640625 0.35742971875 0.8197674421875 0.3624497984375 0.8654485046874999 0.41867469843749994 0.8529900328125001
0 0.41365461875 0.808139534375 0.515060240625 0.7956810625 0.5110441765625 0.7574750828125 0.398594378125 0.7632890359375 0.3413654625 0.7757475078125 0.35441767031250004 0.8197674421875 0.41365461875 0.808139534375
0 0.4096385546875 0.7591362125 0.508032128125 0.75 0.5090361453125001 0.712624584375 0.3975903609375 0.719269103125 0.3313253015625 0.7317275750000001 0.3383534140625 0.7732558140625 0.4096385546875 0.7591362125
0 0.398594378125 0.7134551499999999 0.5050200796875 0.7076411953124999 0.5040160640625 0.6677740859375 0.3895582328125 0.6744186046875 0.34337349375000004 0.6860465109375 0.3393574296875 0.72508305625 0.398594378125 0.7134551499999999
0 0.3413654625 0.682724253125 0.39257028125 0.6710963453125001 0.5 0.6627906984374999 0.49698795156250003 0.6262458468750001 0.3895582328125 0.6312292359375 0.30421686718749996 0.6461794015625 0.3122489953125 0.7026578078125 0.3413654625 0.682724253125
0 0.39558232968749996 0.62956810625 0.49598393593749995 0.6220930234375001 0.49397590312500006 0.57973421875 0.3825301203125 0.5863787375 0.3062249 0.5996677734375 0.3102409640625 0.6420265781250001 0.39558232968749996 0.62956810625
0 0.3905622484375 0.580564784375 0.4949799203125 0.5755813953125 0.48895582343750005 0.5365448500000001 0.386546184375 0.5423588046875001 0.3253012046875 0.554817275 0.3263052203125 0.5946843859375 0.3905622484375 0.580564784375
0 0.49899598437500003 0.5299003328125 0.4949799203125 0.481727575 0.30220883593750003 0.509966778125 0.3112449796875 0.5564784046875 0.40060240937499997 0.5382059796875 0.49899598437500003 0.5299003328125