0 0.099403578125 0.2210433234375 0.12081358125 0.25641025625 0.14757608125 0.22546419218749997 0.1307539390625 0.16209843906250002 0.146046796875 0.1164161515625 0.0986389359375 0.004420865625 0.044349289062500005 0.0854700859375 0.04511393125 0.1488358390625 0.0864046484375 0.2343059234375 0.099403578125 0.2210433234375
0 0.10857929375 0.5540819328125 0.0841107203125 0.576186265625 0.0734057203125 0.5585028000000001 0.025233215625 0.65281461875 0.03976143125 0.7043913953125001 0.11775500781249999 0.5850279984375 0.10857929375 0.5540819328125
0 0.1215782234375 0.6690244609375 0.1162257234375 0.6483937515625 0.14069429687499999 0.6012378421875 0.122342865625 0.576186265625 0.0382321453125 0.7102858828125 0.06270071875 0.7648099015625001 0.100168221875 0.7603890359375 0.1062853640625 0.739758325 0.10169750625 0.7043913953125001 0.1215782234375 0.6690244609375
0 0.1345771515625 0.44798113749999996 0.11469643593750001 0.4361921609375 0.11316715156249998 0.411140584375 0.044349289062500005 0.40229885000000004 0.037467503125 0.5452402015625 0.09481572031249999 0.5540819328125 0.10781464999999998 0.51576775625 0.1307539390625 0.5113468906249999 0.1345771515625 0.44798113749999996
0 0.14069429687499999 0.3109342765625 0.122342865625 0.3124078984375 0.12081358125 0.2711464796875 0.061936075 0.2593575 0.050466432812499996 0.3300913640625 0.1361064390625 0.363984675 0.14069429687499999 0.3109342765625
0 0.1299892953125 0.4214559390625 0.1330478671875 0.36103742968749997 0.042055359375000004 0.32861774375 0.040526075 0.3949307390625 0.1299892953125 0.4214559390625
0 0.2186878734375 0.07220748593750001 0.146046796875 0.064839375 0.1437528671875 0.19157088125 0.151399296875 0.20778072343749998 0.15751643906249999 0.2402004125 0.18274965625 0.2402004125 0.1903960859375 0.2033598578125 0.2133353734375 0.20630710312499997 0.2186878734375 0.07220748593750001
0 0.2844471625 0.2122015921875 0.2920935921875 0.08252284062500001 0.2576846609375 0.0839964640625 0.24545037500000003 0.25198939062500003 0.26991894843750003 0.25641025625 0.2737421625 0.2180960796875 0.2844471625 0.2122015921875
0 0.22098180156249997 0.2623047453125 0.24545037500000003 0.26967285625000004 0.24927358906250002 0.1856763921875 0.2546260890625 0.10167992968749999 0.26227251875 0.07957559843749999 0.266095734375 0.06336575312500001 0.225569659375 0.0530503984375 0.21486465781250003 0.187150015625 0.22633430156249998 0.1989389921875 0.22098180156249997 0.2623047453125
0 0.2867410921875 0.22251694687499998 0.27603609218749997 0.2858827 0.2867410921875 0.3300913640625 0.3777335984375 0.26967285625000004 0.344853953125 0.15620395 0.3119743078125 0.163572059375 0.2920935921875 0.1812555265625 0.29438752031250004 0.2033598578125 0.2867410921875 0.22251694687499998
0 0.3096803796875 0.3124078984375 0.3089157359375 0.34335396406249996 0.287505734375 0.352195696875 0.2836825203125 0.3949307390625 0.304327878125 0.4037724734375 0.30815109375 0.46419098124999997 0.3777335984375 0.4582964921875 0.37467502656249996 0.378720896875 0.367793240625 0.3669319203125 0.36320538281250003 0.3079870328125 0.3096803796875 0.3124078984375
0 0.298975378125 0.7088122609374999 0.35479431093749997 0.7721780140625001 0.37008716875 0.7368110828125001 0.3769689546875 0.7412319484375 0.39761431406250003 0.6631299734375 0.3815568125 0.6410256421875 0.38232145625 0.6321839078125 0.34026609531249996 0.579133509375 0.3303257375 0.5997642203125 0.298975378125 0.5820807546875 0.2775653765625 0.6631299734375 0.298975378125 0.7088122609374999
0 0.3463832390625 0.949012671875 0.35479431093749997 0.8856469203125 0.34791252500000003 0.8635425874999999 0.350971096875 0.8281756546875 0.31962073750000003 0.8119658125000001 0.3150328796875 0.8738579421875 0.310445021875 0.9519599171875001 0.3295610953125 0.9563807828125 0.33644288125 0.94459180625 0.3463832390625 0.949012671875
0 0.287505734375 0.9504862953125001 0.30738645 0.9563807828125 0.3173268078125 0.816386678125 0.29132895 0.8090185671875 0.27909466250000003 0.913645740625 0.2890350203125 0.92543471875 0.287505734375 0.9504862953125001
0 0.2737421625 0.949012671875 0.27985930625 0.8738579421875 0.27603609218749997 0.8650162109374999 0.27985930625 0.8325965234374999 0.2523321609375 0.8237547890625001 0.23933323125 0.9578544062500001 0.259978590625 0.9622752718750001 0.26227251875 0.9475390515625 0.2737421625 0.949012671875
0 0.21639394374999998 0.94459180625 0.2370393015625 0.9475390515625 0.25003823281250004 0.8237547890625001 0.219452515625 0.813439434375 0.2064535859375 0.93132920625 0.21486465781250003 0.9342764515624999 0.21639394374999998 0.94459180625
0 0.202630371875 0.921013853125 0.2125707296875 0.8045977015625001 0.1773971546875 0.80165045625 0.1666921546875 0.9549071609374999 0.1896314421875 0.9608016515625 0.19421929843750002 0.922487475 0.202630371875 0.921013853125
0 0.14451750937500002 0.9460654296875 0.16516286875 0.9504862953125001 0.1743385828125 0.803124078125 0.148340725 0.7987032125 0.1345771515625 0.9092248749999999 0.14451750937500002 0.9195402296875 0.14451750937500002 0.9460654296875
0 0.133812509375 0.89301503125 0.1468114390625 0.7648099015625001 0.11240250781250001 0.75007368125 0.09710965 0.9342764515624999 0.123107509375 0.9357500734374999 0.1269307234375 0.89890951875 0.133812509375 0.89301503125
0 0.077228934375 0.8885941640624999 0.100168221875 0.8871205421875 0.10857929375 0.7603890359375 0.083346078125 0.7589154140625001 0.06805321875 0.8679634546875 0.076464290625 0.875331565625 0.077228934375 0.8885941640624999
0 0 0.959328028125 0.040526075 0.999115828125 0.0519957171875 0.9696433828125001 0.06270071875 0.966696140625 0.0695825046875 0.916592984375 0.0695825046875 0.894488653125 0.0076464296875 0.8237547890625001 0 0.8443854999999999 0 0.959328028125
0 0.19498394218749998 0.65281461875 0.1919253703125 0.779546125 0.28597645 0.816386678125 0.293622878125 0.7441791921875 0.2607432328125 0.7309165937500001 0.2607432328125 0.66165635 0.19498394218749998 0.65281461875
0 0.139165009375 0.7589154140625001 0.14987001093750002 0.781019746875 0.1697507265625 0.7898614796875 0.184278940625 0.779546125 0.196513228125 0.654288240625 0.1865728703125 0.6454465078125 0.1873375125 0.6262894203125 0.16592751249999999 0.605658709375 0.153693225 0.63955201875 0.1254014375 0.6366047734375 0.11393179375 0.7456528140625001 0.139165009375 0.7589154140625001
0 0.437024571875 0.428689509375 0.440046871875 0.455482603125 0.48900813125000003 0.447328184375 0.534947090625 0.45315276875 0.5343426296875 0.37393840156249997 0.52527573125 0.35879448125 0.52346235 0.3180223796875 0.49263489062500004 0.2982187890625 0.4388379515625 0.31103287812499997 0.4364201125 0.3564646453125 0.4194952328125 0.3727734859375 0.4273532125 0.43218426093750006 0.437024571875 0.428689509375
0 0.572423609375 0.17473757031249998 0.5282980296875001 0.10251270937500001 0.46362081093749996 0.20269558281250002 0.51318653125 0.3075381265625 0.57484145 0.220169340625 0.572423609375 0.17473757031249998
0 0.62138486875 0.283074865625 0.6292428484375 0.260941440625 0.6437498875000001 0.26560110937500003 0.653421246875 0.1479444765625 0.5808860484375 0.132800553125 0.5742369890625 0.266766025 0.62138486875 0.283074865625
0 0.6558390875 0.1526041453125 0.6479811078125 0.28889945156249996 0.71447170625 0.306373209375 0.7217252265625 0.1444497265625 0.6769951875 0.13396547187500002 0.6733684281250001 0.1572638140625 0.6558390875 0.1526041453125
0 0.784589065625 0.3040433734375 0.7954693453125 0.18638674375 0.7259564468749999 0.165418234375 0.716889546875 0.28656961718749996 0.784589065625 0.3040433734375
0 0.8262968046875001 0.41238066875 0.8933918640625 0.3518049765625 0.8698179234375001 0.256281771875 0.836572625 0.2504571859375 0.8178343640625 0.270260778125 0.806349625 0.32035221406250003 0.8262968046875001 0.41238066875
0 0.929055003125 0.472956359375 0.8933918640625 0.359959396875 0.8311324843750001 0.41471050312499996 0.8625644031249999 0.53469696875 0.929055003125 0.472956359375
0 0.957464621875 0.59410774375 0.9314728421874999 0.4799458625 0.8661911640625 0.535861884375 0.8915784828125 0.654683434375 0.957464621875 0.59410774375
0 0.9768073421875 0.7746698999999999 0.9671359828125 0.6360447609375 0.8958097031250001 0.655848353125 0.8933918640625 0.7851541546874999 0.9768073421875 0.7746698999999999
0 0.87102684375 0.9983339921875001 0.9308683828125 0.993802696875 0.9623003015625 0.9390515921875 0.9091078234375001 0.78864890625 0.8764669843749999 0.7968033250000001 0.8420127640624999 0.8550491843750001 0.8414083046874999 0.9284389640624999 0.87102684375 0.9983339921875001
0 0.7942604249999999 0.990307946875 0.8414083046874999 0.8272195453125001 0.796678265625 0.780622859375 0.730187665625 0.9215778328124999 0.7942604249999999 0.990307946875
0 0.7634329656250001 0.6781101515625 0.6902933078125 0.7468402625 0.7114494062500001 0.8644968953125 0.8027228640624999 0.7816594015625 0.7634329656250001 0.6781101515625
0 0.7374411859375 0.5521707265625 0.6588613875 0.6313850921874999 0.680621946875 0.744382053125 0.767059725 0.6721571921875 0.7374411859375 0.5521707265625
0 0.7102404875 0.4391737625 0.665510446875 0.4613071875 0.655234628125 0.429854425 0.6262205484375001 0.4578124375 0.652212328125 0.6243955875 0.7374411859375 0.5556654765625 0.7102404875 0.4391737625
0 0.623802709375 0.48111077968749993 0.5518719703125 0.549840890625 0.5742369890625 0.6931257 0.6570480078125 0.6395395109375 0.623802709375 0.48111077968749993
0 0.6866665484375 0.740887303125 0.6691372078125 0.7036099546875 0.6389142078125001 0.67914669375 0.6183625687500001 0.6989502859375001 0.5845128093749999 0.690795865625 0.56879685 0.77583481875 0.65463016875 0.85155443125 0.6679282875 0.78864890625 0.6812264078125 0.7816594015625 0.6866665484375 0.740887303125
0 0.504724090625 0.7234135453125 0.5524764296875 0.7117643734375 0.531924790625 0.6057569140625 0.471478790625 0.6080867484375 0.4297710515625 0.654683434375 0.4436736328125 0.7874839890625001 0.504724090625 0.7234135453125
0 0.5029107109375001 0.722248628125 0.4690609515625 0.7746698999999999 0.5065374703125001 0.8969862 0.5379693890625 0.8620386859375 0.5639611703125 0.858543934375 0.548245209375 0.7234135453125 0.5029107109375001 0.722248628125