0 0.1140609625 0.1148531953125 0.1278269421875 0.2107081171875 0.07276302812499999 0.2141623484375 0.07571288125 0.2590673578125 0.33038348125 0.2521588953125 0.32350049062499997 0.0630397234375 0.18780727656250001 0.062176165625 0.1858407078125 0.107081175 0.1140609625 0.1148531953125
0 0.46705998125 0.249568221875 0.4650934109375 0.05008635625 0.327433628125 0.051813471874999996 0.3254670609375 0.2512953375 0.46705998125 0.249568221875
0 0.613569321875 0.24179620000000002 0.598820059375 0.037132989062499996 0.4700098328125 0.044041449999999996 0.46312684375 0.250431778125 0.613569321875 0.24179620000000002
0 0.6194690265625 0.2357512953125 0.7394296953125 0.23316062187500003 0.7236971484375 0.085492228125 0.6676499515625001 0.0578583765625 0.6037364796875 0.056131260937500004 0.6194690265625 0.2357512953125
0 0.7384464109375 0.2253886015625 0.871189775 0.22193436875 0.8603736468750001 0.10017271093749999 0.8141592921875 0.0664939546875 0.7256637171875 0.069084628125 0.7384464109375 0.2253886015625
0 0.1268436578125 0.40587219374999994 0.1622418875 0.41105354062500005 0.1533923296875 0.45250431718749995 0.3323500484375 0.4507772015625 0.32350049062499997 0.249568221875 0.14159292031249998 0.2521588953125 0.139626353125 0.30138169375 0.11799409999999999 0.30569948125 0.1268436578125 0.40587219374999994
0 0.4355948859375 0.44991364375 0.46017699062500006 0.39205526874999996 0.45919370625000006 0.24784110468749998 0.329400196875 0.2512953375 0.342182890625 0.4507772015625 0.4355948859375 0.44991364375
0 0.6243854468750001 0.43609671875 0.6066863312499999 0.24006908437500002 0.46312684375 0.244386875 0.46312684375 0.4455958546875 0.6243854468750001 0.43609671875
0 0.6892822015625 0.44905008750000003 0.7050147499999999 0.39637305624999997 0.7453293999999999 0.39119170937500003 0.7394296953125 0.2340241796875 0.6086529015625 0.24006908437500002 0.6184857421875 0.455094990625 0.6892822015625 0.44905008750000003
0 0.7492625375 0.421416234375 0.8328416921875 0.4101899828125 0.851524090625 0.3860103625 0.8800393312500001 0.3765112265625 0.8977384468749999 0.2193436953125 0.746312684375 0.22711571562500002 0.7492625375 0.421416234375
0 0.16322517187500002 0.7322970640625 0.3579154375 0.7305699484375 0.3480825953125 0.5293609671875 0.1848574234375 0.5259067359375 0.1809242875 0.6718480140625 0.1622418875 0.6787564765625 0.16322517187500002 0.7322970640625
0 0.48574237968749995 0.7141623484374999 0.4906588015625 0.5189982734374999 0.35594886875 0.5233160625 0.3628318578125 0.716753021875 0.48574237968749995 0.7141623484374999
0 0.617502459375 0.727979275 0.6194690265625 0.69430051875 0.6381514265625 0.6804835921875 0.6371681421875001 0.6303972375 0.6234021640625 0.6096718484375 0.6184857421875 0.51727115625 0.49262536875 0.518134715625 0.48869223125000005 0.727115715625 0.617502459375 0.727979275
0 0.63618485625 0.6183074265624999 0.64011799375 0.679620034375 0.6184857421875 0.6848013828124999 0.62143559375 0.7322970640625 0.7630285140625 0.726252159375 0.76204523125 0.6537132999999999 0.7482792515625001 0.6519861828125 0.7453293999999999 0.574265975 0.7118977390625 0.5708117453125 0.702064896875 0.5414507765625001 0.68436578125 0.54058721875 0.6784660765625 0.5267702937500001 0.6224188796875 0.5241796203125 0.6204523109375 0.6062176171875 0.63618485625 0.6183074265624999
0 0.8820059 0.6096718484375 0.8741396265624999 0.5509499124999999 0.8446411015624999 0.555267703125 0.836774828125 0.5336787562499999 0.7561455265625 0.5379965453125 0.7610619468750001 0.70811744375 0.7915437562500001 0.7089810015625 0.7954768921875 0.7288428328125 0.8918387421875 0.7193436953125001 0.8888888890625 0.6675302234375 0.925270403125 0.669257340625 0.9164208453124999 0.6113989640625 0.8820059 0.6096718484375
0 0.33431661875 0.9119170984375 0.343166175 0.7288428328125 0.1819075703125 0.7288428328125 0.1819075703125 0.7348877375 0.1848574234375 0.8877374781249999 0.2340216328125 0.8886010359375 0.2458210421875 0.9162348874999999 0.33431661875 0.9119170984375
0 0.3579154375 0.8212435234375001 0.35299901562499997 0.9343696015624999 0.4906588015625 0.9335060453124999 0.49262536875 0.720207253125 0.35299901562499997 0.720207253125 0.34611602812500003 0.820379965625 0.3579154375 0.8212435234375001
0 0.49852507343749997 0.722797928125 0.4906588015625 0.8834196890625 0.5152409046875001 0.8868739203124999 0.51819075625 0.9153713296875001 0.6047197640624999 0.9058721937499999 0.609636184375 0.7340241796875 0.5545722718749999 0.7348877375 0.550639134375 0.72193436875 0.49852507343749997 0.722797928125
0 0.6273353 0.7305699484375 0.6273353 0.911053540625 0.71779744375 0.907599309375 0.720747296875 0.8791019 0.7571288093749999 0.870466321875 0.750245821875 0.733160621875 0.6273353 0.7305699484375
0 0.8859390375 0.7245250421875 0.746312684375 0.727115715625 0.7531956734375 0.944732296875 0.8869223203125 0.9404145078124999 0.8859390375 0.7245250421875