0 0.088410534375 0.2738402546875 0.064794021875 0.2810195875 0.0653995734375 0.33742862812499996 0.19377651406250002 0.3240955828125 0.19377651406250002 0.27794273125 0.1786377234375 0.27178901875 0.17197665625 0.186662646875 0.0999160140625 0.194867596875 0.088410534375 0.2738402546875
0 0.1653155875 0.3312749171875 0.09264939531250001 0.3394798671875 0.0999160140625 0.41435005 0.1974098234375 0.399991384375 0.1949876171875 0.3466592 0.17682106875 0.3476848171875 0.1653155875 0.3312749171875
0 0.084777225 0.4481954734375 0.09446605 0.6174225984375 0.168948896875 0.6122945015625 0.17137110312499998 0.438964903125 0.084777225 0.4481954734375
0 0.26462605 0.890237234375 0.32094235000000004 0.895365328125 0.317309040625 0.7794703890625 0.2634149484375 0.7989571484375 0.26462605 0.890237234375
0 0.324575659375 0.8963909484375 0.34213665625 0.8933140906249999 0.348797725 0.878955425 0.36999203125 0.8728017109374999 0.3748364421875 0.8471612390625 0.394819646875 0.8358794296875001 0.394819646875 0.7815216281249999 0.3179145921875 0.7743422953125 0.324575659375 0.8963909484375
0 0.3064091109375 0.679985353125 0.262809396875 0.6861390671875001 0.24827615781249998 0.727163825 0.25251501875 0.784598484375 0.31367573125 0.77229105625 0.3064091109375 0.679985353125
0 0.31609793750000004 0.7712654390625 0.3893696828125 0.776393534375 0.3839197171875 0.682036590625 0.312464628125 0.679985353125 0.31609793750000004 0.7712654390625
0 0.2173930265625 0.6881903046875 0.3179145921875 0.682036590625 0.32094235000000004 0.45947728125 0.21981523281249998 0.45947728125 0.2173930265625 0.6881903046875
0 0.32094235000000004 0.4953739453125 0.3179145921875 0.675882878125 0.3966363 0.6769084953125 0.3966363 0.49742518281250003 0.32094235000000004 0.4953739453125
0 0.43599715625 0.9086983765625 0.5195632765625 0.9045958984375 0.5141133124999999 0.76408610625 0.4287305359375 0.7702398203125 0.43599715625 0.9086983765625
0 0.52137993125 0.887160378125 0.5898072640625001 0.87792980625 0.5831461953125 0.765111725 0.5153244156250001 0.7671629609374999 0.52137993125 0.887160378125
0 0.5916239171875 0.755881153125 0.5879906078125 0.6922927796875 0.572246265625 0.6922927796875 0.56619075 0.6553704984375 0.5147188640625 0.66254983125 0.51653551875 0.7210101109375 0.5135077609375001 0.76408610625 0.5916239171875 0.755881153125
0 0.4372082578125 0.6728060203124999 0.44023601562500003 0.7671629609374999 0.5135077609375001 0.76408610625 0.517746621875 0.718958871875 0.51169110625 0.6728060203124999 0.4372082578125 0.6728060203124999
0 0.5007911765624999 0.6666523062499999 0.49594676406250005 0.540501178125 0.42146391562499996 0.5466548921875 0.423280571875 0.67075478125 0.5007911765624999 0.6666523062499999
0 0.50200228125 0.66254983125 0.58738505625 0.6553704984375 0.58738505625 0.5435780343750001 0.49776341874999996 0.541526796875 0.50200228125 0.66254983125
0 0.22223743906250001 0.2348667359375 0.225265196875 0.3312749171875 0.35424768906250004 0.3312749171875 0.35121993125 0.22871302187500003 0.22223743906250001 0.2348667359375
0 0.3500088265625 0.224610546875 0.34395331093750003 0.1158949390625 0.21436526875 0.12409989218749999 0.2186041296875 0.22563616406250003 0.3500088265625 0.224610546875
0 0.4063251265625 0.26358406562500003 0.40995843593750003 0.418452525 0.49473566093750004 0.41435005 0.49534121249999996 0.3230699640625 0.4868634890625 0.2584559703125 0.4063251265625 0.26358406562500003
0 0.5607407859375 0.3784533875 0.5583185796875 0.2697377796875 0.491707903125 0.2707633984375 0.49655231562499996 0.31589063125 0.49594676406250005 0.37742776875 0.5607407859375 0.3784533875
0 0.48807459375000006 0.1292279859375 0.40935288437499995 0.13640731718750002 0.4135917453125 0.264609684375 0.4911023515625 0.255379115625 0.49534121249999996 0.1897395015625 0.48807459375000006 0.1292279859375
0 0.5704296109375 0.26358406562500003 0.553474165625 0.1312792234375 0.48989124687499996 0.1312792234375 0.498974521875 0.195893215625 0.491707903125 0.264609684375 0.5704296109375 0.26358406562500003
0 0.5970738812499999 0.3076856796875 0.7551228515624999 0.3025575859375 0.7508839890625 0.24102045 0.7302952359375 0.2420460671875 0.727873028125 0.182560171875 0.6842733125 0.182560171875 0.6679234203125 0.155894078125 0.5958627796875 0.15999655468750001 0.5970738812499999 0.3076856796875
0 0.7533061953125 0.3753765296875 0.753911746875 0.31076253593750003 0.58738505625 0.31691625 0.5879906078125 0.418452525 0.690328828125 0.41640128593750003 0.7012287578125 0.40717071562499996 0.7533061953125 0.3753765296875
0 0.6164515328125 0.66357545 0.6315903234375 0.6656266875 0.63461808125 0.7220357296875 0.650967975 0.727163825 0.654601284375 0.751778678125 0.7078898265625 0.7466505828125001 0.7030454125000001 0.541526796875 0.6231126015624999 0.541526796875 0.6164515328125 0.66357545
0 0.7036509640624999 0.6410118328125 0.7078898265625 0.74049686875 0.791455946875 0.73639439375 0.7860059828125 0.6440886890625 0.7036509640624999 0.6410118328125
0 0.706678721875 0.6369093578125 0.791455946875 0.6389605953124999 0.782978225 0.524091275 0.6988065515625 0.524091275 0.706678721875 0.6369093578125
0 0.63461808125 0.90562151875 0.692145484375 0.9128008515625 0.70062320625 0.8851091390624999 0.735139646875 0.87792980625 0.7466451281250001 0.820495146875 0.7460395765625 0.7712654390625 0.630984771875 0.7702398203125 0.6231126015624999 0.887160378125 0.63461808125 0.90562151875
0 0.9840213578125001 0.784598484375 0.963432603125 0.7815216281249999 0.9622215000000001 0.7425481078125 0.9307328171875 0.7333175390625 0.8913719609375 0.7466505828125001 0.8956108234375 0.891262853125 0.9852324593749999 0.87792980625 0.9840213578125001 0.784598484375
0 0.862305484375 0.7374200140625 0.8047780828125 0.756906771875 0.8078058406249999 0.8635711421875 0.8943997187500001 0.8563918078125001 0.8913719609375 0.7507530578125 0.862305484375 0.7374200140625
0 0.7969059109375001 0.6738316390625 0.79932811875 0.7589580109375 0.86533324375 0.7374200140625 0.8950052718749999 0.748701821875 0.892583065625 0.6656266875 0.7969059109375001 0.6738316390625
0 0.9658548078125 0.7425481078125 0.9761491859375001 0.711779540625 0.9785713921875001 0.6666523062499999 0.8913719609375 0.6656266875 0.8956108234375 0.7507530578125 0.933760575 0.7343431546875 0.9658548078125 0.7425481078125
0 0.9597992921875 0.66254983125 0.9537437765625001 0.499476421875 0.890160859375 0.5076813718750001 0.8883442031250001 0.66357545 0.9597992921875 0.66254983125
0 0.8943997187500001 0.5025532765625 0.8877386515625 0.4481954734375 0.8368723171875001 0.4543491875 0.8199168718750001 0.503578896875 0.7956948078125 0.505630134375 0.7944837046875 0.5866540296875 0.8865275484374999 0.5753722203125 0.8943997187500001 0.5025532765625
0 0.7969059109375001 0.5876796484375 0.7987225671875 0.67075478125 0.890160859375 0.667677925 0.890160859375 0.5846027921875 0.8635165875 0.581525934375 0.7969059109375001 0.5876796484375
0 0.8883442031250001 0.44716985625000005 0.8877386515625 0.3794790046875 0.8647276921874999 0.3446079609375 0.8308168015625 0.34973605625 0.81143915 0.403068240625 0.7823726734374999 0.410247575 0.782978225 0.4584516640625 0.8883442031250001 0.44716985625000005
0 0.9713047734375 0.4502467109375 0.9682770156249999 0.3281980578125 0.9004552359375 0.34153110625 0.8859219968750001 0.3794790046875 0.8883442031250001 0.45127233125000005 0.9713047734375 0.4502467109375
0 0.8629110359375 0.34153110625 0.8871331015624999 0.37435090937500004 0.8919775140624999 0.3425567234375 0.9549548796874999 0.32512120312500004 0.9543493281250001 0.22255930781250002 0.786611534375 0.2297386421875 0.7896392921875 0.31589063125 0.8629110359375 0.34153110625
0 0.971910325 0.22768740312500002 0.9664603609375 0.123074271875 0.8423222812500001 0.1199974140625 0.833844559375 0.17435521874999999 0.8193113203125 0.182560171875 0.824761284375 0.22563616406250003 0.971910325 0.22768740312500002