0 0.07167832187499999 0.09137769375 0.07167832187499999 0.12027491406249999 0.03059440625 0.11793189687500001 0.0332167828125 0.1624492359375 0.13111888124999999 0.15932521093750002 0.22465035000000003 0.1569821921875 0.23076923124999998 0.0976257421875 0.204545453125 0.06326148125 0.090909090625 0.069509528125 0.07167832187499999 0.09137769375
0 0.13024475625 0.19993751875000002 0.20629370625000001 0.208528584375 0.20891608437500003 0.1624492359375 0.028846153125000003 0.16166822812499998 0.0227272734375 0.2030615421875 0.13024475625 0.19993751875000002
0 0.04370629375 0.24133083281249998 0.145979021875 0.24133083281249998 0.2115384609375 0.24601686875 0.20192307656250003 0.206966571875 0.134615384375 0.200718525 0.0419580421875 0.2054045625 0.04370629375 0.24133083281249998
0 0.04458041875 0.286629178125 0.1319930078125 0.287410184375 0.2106643359375 0.288191190625 0.2106643359375 0.2483598890625 0.1381118890625 0.2444548578125 0.0472027984375 0.2452358640625 0.04458041875 0.286629178125
0 0.0428321671875 0.334270540625 0.1328671328125 0.32802249375 0.20541958125 0.3311465171875 0.20891608437500003 0.2913152140625 0.1276223765625 0.287410184375 0.04458041875 0.287410184375 0.0428321671875 0.334270540625
0 0.0367132859375 0.382692909375 0.13986014062500002 0.3678537953125 0.2106643359375 0.3733208375 0.20541958125 0.33583255156249997 0.1389860140625 0.3303655109375 0.037587414062500005 0.3366135578125 0.0367132859375 0.382692909375
0 0.05681818281249999 0.4162761625 0.13111888124999999 0.40924710937500003 0.21328671406250002 0.4147141515625 0.2115384609375 0.3733208375 0.1389860140625 0.36629178281249997 0.05506993125 0.382692909375 0.05681818281249999 0.4162761625
0 0.06818181718750001 0.4654795375 0.1486013984375 0.456888471875 0.2071678328125 0.463917525 0.2071678328125 0.42018119374999996 0.1319930078125 0.412371134375 0.059440559375 0.42174320468750004 0.06818181718750001 0.4654795375
0 0.0428321671875 0.55685723125 0.133741259375 0.5295220234375 0.22027972187499997 0.5404561078125 0.22465035000000003 0.48266166874999994 0.1389860140625 0.4748516078125 0.0332167828125 0.4951577625 0.0428321671875 0.55685723125
0 0.06905594375 0.5802874109375 0.13986014062500002 0.5716963453125 0.2106643359375 0.5763823796875001 0.2106643359375 0.5451421421875 0.13548950937499998 0.52874101875 0.06905594375 0.5490471734375 0.06905594375 0.5802874109375
0 0.06993006874999999 0.61933770625 0.13548950937499998 0.6154326765625 0.2106643359375 0.6208997187499999 0.2071678328125 0.581068415625 0.1372377609375 0.57247735 0.06468531562499999 0.582630428125 0.06993006874999999 0.61933770625
0 0.040209790625000005 0.6771321453125 0.134615384375 0.654482975 0.209790209375 0.6646360515625 0.20629370625000001 0.6208997187499999 0.1381118890625 0.616213684375 0.0393356640625 0.627147765625 0.040209790625000005 0.6771321453125
0 0.078671328125 0.706029365625 0.13986014062500002 0.7013433296875 0.21328671406250002 0.7091533906249999 0.2115384609375 0.6701030921875 0.1328671328125 0.654482975 0.0734265734375 0.674789128125 0.078671328125 0.706029365625
0 0.0743007 0.7419556390625 0.14335664374999998 0.7419556390625 0.2141608390625 0.74429865625 0.2106643359375 0.7114964078125 0.14160839218750002 0.7044673546875 0.070804196875 0.7099343953125 0.0743007 0.7419556390625
0 0.0777972015625 0.7927210234375 0.1424825171875 0.786472978125 0.21241258593749998 0.7888159953125 0.21241258593749998 0.751327709375 0.13986014062500002 0.7435176515624999 0.0743007 0.746641675 0.0777972015625 0.7927210234375
0 0.11888111875 0.8294283046875 0.12412587500000001 0.8434864109375001 0.1372377609375 0.8434864109375001 0.140734265625 0.876288659375 0.2141608390625 0.87082161875 0.2141608390625 0.7950640421874999 0.14160839218750002 0.7872539828125 0.0734265734375 0.7997500765625001 0.0734265734375 0.8372383624999999 0.11888111875 0.8294283046875
0 0.40209790156249997 0.8294283046875 0.40384615312500005 0.7802249296875 0.320804196875 0.7700718515625 0.24475524375000002 0.7731958765625 0.245629371875 0.8567635125 0.3479020984375 0.8669165890625001 0.375874125 0.842705403125 0.40209790156249997 0.8294283046875
0 0.36888111874999996 0.7310215546875 0.3068181828125 0.73024055 0.2430069921875 0.7364885984375 0.2430069921875 0.7708528593749999 0.3173076921875 0.767728834375 0.375874125 0.7739768812500001 0.36888111874999996 0.7310215546875
0 0.371503496875 0.7029053421875 0.314685315625 0.6857232109375 0.250874125 0.6927522640625 0.24737762343749997 0.7325835671875 0.3129370640625 0.7263355203125 0.375 0.7318025625 0.371503496875 0.7029053421875
0 0.41783216718749994 0.6786941578125 0.36975524375 0.667760075 0.360139859375 0.6505779453125 0.3120629359375 0.642767884375 0.24737762343749997 0.645891909375 0.246503496875 0.691190253125 0.315559440625 0.6841611999999999 0.4239510484375 0.71462043125 0.41783216718749994 0.6786941578125
0 0.3618881109375 0.6466729140624999 0.366258740625 0.6591690109375 0.409965034375 0.660731021875 0.40559440625 0.627147765625 0.360139859375 0.602155575 0.310314684375 0.6013745703125 0.24388111875 0.60762261875 0.249125875 0.6435488921875 0.3068181828125 0.6404248671875 0.3618881109375 0.6466729140624999
0 0.409090909375 0.6255857546875 0.4143356640625 0.5873164640625 0.3479020984375 0.55841924375 0.30244755156249997 0.5599812562500001 0.24125874062500002 0.565448296875 0.24388111875 0.60449859375 0.314685315625 0.598250546875 0.3618881109375 0.599031553125 0.409090909375 0.6255857546875
0 0.404720278125 0.5474851609375 0.345279721875 0.520149953125 0.24475524375000002 0.520149953125 0.24475524375000002 0.5631052796875 0.3513986015625 0.5560762265625 0.40646853125 0.5802874109375 0.404720278125 0.5474851609375
0 0.4169580421875 0.49437675781249996 0.359265734375 0.47563261562500003 0.24388111875 0.4748516078125 0.2421328671875 0.51390190625 0.35664335625 0.520149953125 0.4143356640625 0.5506091843750001 0.4169580421875 0.49437675781249996
0 0.384615384375 0.41002811718750004 0.345279721875 0.396751015625 0.239510490625 0.3998750390625 0.24125874062500002 0.457669478125 0.35489510625 0.457669478125 0.3863636359375 0.4654795375 0.384615384375 0.41002811718750004
0 0.38548950937500004 0.363948765625 0.3085664328125 0.35457669375 0.23601398593749998 0.3592627296875 0.2377622390625 0.39831302812499997 0.34178321718750004 0.3959700078125 0.38548950937500004 0.40612308593749996 0.38548950937500004 0.363948765625
0 0.3819930078125 0.32333645781250003 0.3068181828125 0.3139643859375 0.24038461562500002 0.319431428125 0.2386363640625 0.35613870625 0.3076923078125 0.3522336765625 0.3828671328125 0.36160574687499997 0.3819930078125 0.32333645781250003
0 0.371503496875 0.2780381140625 0.304195803125 0.274133084375 0.2430069921875 0.27725710625 0.24038461562500002 0.3147453921875 0.309440559375 0.31084036249999997 0.375 0.3202124328125 0.371503496875 0.2780381140625
0 0.37325174843750003 0.23664479843750003 0.30594405625 0.23508278749999997 0.2430069921875 0.2382068109375 0.246503496875 0.27491408906250003 0.3068181828125 0.27257107187499996 0.37325174843750003 0.27725710625 0.37325174843750003 0.23664479843750003
0 0.40646853125 0.256950953125 0.42220279843749997 0.2116526078125 0.3618881109375 0.19368947187500002 0.3068181828125 0.191346453125 0.2430069921875 0.191346453125 0.2430069921875 0.23586379218750003 0.309440559375 0.2319587625 0.366258740625 0.23508278749999997 0.40646853125 0.256950953125
0 0.36451049062499996 0.191346453125 0.359265734375 0.154639175 0.30506993125 0.1507341453125 0.234265734375 0.1569821921875 0.239510490625 0.1921274609375 0.2980769234375 0.1890034359375 0.36451049062499996 0.191346453125
0 0.371503496875 0.1101218375 0.29458041874999996 0.09684473593750001 0.2368881109375 0.101530771875 0.2368881109375 0.14995313906250002 0.3085664328125 0.147610121875 0.360139859375 0.1530771625 0.371503496875 0.1101218375
0 0.52010489375 0.1054358 0.52534965 0.163230240625 0.5917832171875 0.1624492359375 0.659965034375 0.1577632 0.6494755249999999 0.071852546875 0.56905594375 0.069509528125 0.5673076921875 0.10465479531249999 0.52010489375 0.1054358
0 0.5856643359375 0.200718525 0.6617132859375 0.20384254999999998 0.654720278125 0.1608872234375 0.47727272656249997 0.1562011875 0.4763986015625 0.21087160312500003 0.5856643359375 0.200718525
0 0.5262237765625 0.2444548578125 0.595279721875 0.24211184062500002 0.659965034375 0.2467978765625 0.653846153125 0.21087160312500003 0.5856643359375 0.2022805375 0.52534965 0.2077475796875 0.5262237765625 0.2444548578125
0 0.52534965 0.287410184375 0.59440559375 0.28272415 0.652972028125 0.287410184375 0.6477272734375 0.25070290625 0.5865384609375 0.2397688234375 0.5218531468750001 0.2483598890625 0.52534965 0.287410184375
0 0.528846153125 0.3311465171875 0.5917832171875 0.32489846875 0.6486013984375 0.3272414859375 0.653846153125 0.292877225 0.5909090906250001 0.28272415 0.52534965 0.2889721953125 0.528846153125 0.3311465171875
0 0.5236013984375 0.3701968125 0.5856643359375 0.367072790625 0.653846153125 0.3709778203125 0.64510489375 0.3303655109375 0.584790209375 0.3241174640625 0.5218531468750001 0.3373945640625 0.5236013984375 0.3701968125
0 0.528846153125 0.40690409218749996 0.5917832171875 0.40846610468750005 0.6494755249999999 0.40221805625 0.653846153125 0.37253983125 0.583916084375 0.36629178281249997 0.5218531468750001 0.371758825 0.528846153125 0.40690409218749996
0 0.53146853125 0.456107465625 0.5917832171875 0.450640425 0.65034965 0.4490784125 0.6494755249999999 0.40690409218749996 0.5882867140625 0.40924710937500003 0.529720278125 0.41002811718750004 0.53146853125 0.456107465625
0 0.534965034375 0.4951577625 0.5909090906250001 0.489690721875 0.645979021875 0.4857856921875 0.6512237765625 0.44985941875 0.590034965625 0.45142143125 0.5270979015624999 0.46157450781250003 0.534965034375 0.4951577625
0 0.5174825171874999 0.5154639171875 0.5270979015624999 0.5365510765625 0.6512237765625 0.534989065625 0.652972028125 0.4873477046875 0.5891608390624999 0.49359575156249996 0.529720278125 0.49906279218750005 0.5174825171874999 0.5154639171875
0 0.8417832171875 0.11793189687500001 0.796328671875 0.101530771875 0.6888111890624999 0.102311778125 0.690559440625 0.1640112453125 0.7526223765625 0.1608872234375 0.8671328671874999 0.177288346875 0.8417832171875 0.11793189687500001
0 0.864510490625 0.178850359375 0.75524475625 0.1601062171875 0.69405594375 0.16791627656250002 0.69405594375 0.206966571875 0.7613636359375 0.19915651406249998 0.8627622390624999 0.21399562656249999 0.864510490625 0.178850359375
0 0.8715034968750001 0.21477663281249998 0.7569930078125 0.2030615421875 0.696678321875 0.21087160312500003 0.6914335671875 0.24757888125 0.759615384375 0.2397688234375 0.875 0.256950953125 0.8715034968750001 0.21477663281249998
0 0.885489509375 0.2553889421875 0.759615384375 0.24211184062500002 0.6923076921875 0.2522649171875 0.690559440625 0.286629178125 0.758741259375 0.2819431421875 0.8776223765625 0.303811309375 0.885489509375 0.2553889421875
0 0.8846153843750001 0.3084973453125 0.7526223765625 0.2835051546875 0.69493006875 0.2913152140625 0.6931818171875 0.32802249375 0.7578671328125 0.3225554515625 0.8828671328125001 0.34364261093750004 0.8846153843750001 0.3084973453125
0 0.8828671328125001 0.347547640625 0.7604895093749999 0.32333645781250003 0.6931818171875 0.3397375828125 0.690559440625 0.37253983125 0.7622377609375001 0.368634803125 0.8767482515625 0.3897219625 0.8828671328125001 0.347547640625
0 0.890734265625 0.3936269921875 0.759615384375 0.3694158078125 0.695804196875 0.378787878125 0.696678321875 0.4154951578125 0.7578671328125 0.40378006875 0.889860140625 0.43267728906249997 0.890734265625 0.3936269921875
0 0.8916083921875 0.43423930000000005 0.7639860140625 0.40690409218749996 0.696678321875 0.41940018749999997 0.6914335671875 0.450640425 0.759615384375 0.44673539531250006 0.8924825171874999 0.46704154999999997 0.8916083921875 0.43423930000000005
0 0.850524475 0.46469853125 0.75611888125 0.44829740781250005 0.6923076921875 0.457669478125 0.6923076921875 0.5006248046875 0.7517482515625 0.49671977500000003 0.847027971875 0.51390190625 0.850524475 0.46469853125