0 0.2121559640625 0.0162601640625 0.15959479999999998 0.1300813 0.39755351562499996 0.20325203125 0.4338685015625 0.0579268296875 0.2121559640625 0.0162601640625
0 0.16819571718749998 0.1626016265625 0.1299694203125 0.26829268281249996 0.358371559375 0.3394308953125 0.3851299703125 0.2164634140625 0.16819571718749998 0.1626016265625
0 0.35168195625 0.3445121953125 0.14143730937500001 0.3048780484375 0.12232415781249999 0.42581300781250003 0.33065749375000003 0.4715447140625 0.35168195625 0.3445121953125
0 0.11850152968750001 0.42682926875 0.07740825625 0.5487804875 0.30963302812500004 0.6067073171875 0.3421253828125 0.482723578125 0.11850152968750001 0.42682926875
0 0.084097859375 0.5630081296875 0.050649846875 0.6829268296875 0.2828746171875 0.7459349578125 0.30867736875 0.6189024390625 0.084097859375 0.5630081296875
0 0.0554281359375 0.6991869921875 0.01815749375 0.8191056906249999 0.247515290625 0.8760162609375 0.28478593281250003 0.75304878125 0.0554281359375 0.6991869921875
0 0.49407492499999994 0.4512195125 0.4558486234375 0.4563008125 0.45680428281249996 0.5701219515625 0.68233945 0.585365853125 0.6966743125 0.367886178125 0.6527140671875 0.364837396875 0.646024465625 0.333333334375 0.5198776765625001 0.33434959218750004 0.517966359375 0.3882113828125 0.49025229374999996 0.3912601640625 0.49407492499999994 0.4512195125
0 0.6957186531249999 0.5823170734375 0.8170871562500001 0.592479675 0.8266437312500001 0.3445121953125 0.6947629984375 0.34552845625 0.6957186531249999 0.5823170734375
0 0.8342889906250001 0.5721544703125 0.9613914375 0.569105690625 0.96999235625 0.3373983734375 0.8237767593750001 0.3373983734375 0.8342889906250001 0.5721544703125
0 0.8438455671874999 0.939024390625 0.9785932734375 0.9329268296875 0.959480121875 0.6707317078125 0.8342889906250001 0.6727642265625 0.8438455671874999 0.939024390625
0 0.7186544328125 0.9369918703125 0.8285550453124999 0.93191056875 0.8295107046875 0.6758130078125 0.6976299703125 0.6778455296875 0.7186544328125 0.9369918703125
0 0.5705275234375 0.9258130078125 0.703363915625 0.92682926875 0.7014525984375 0.6798780484375 0.5733944953125001 0.666666665625 0.5705275234375 0.9258130078125