0 0.2036258546875 0.5484598046875 0.1957435625 0.4799023296875 0.18326326875 0.413223140625 0.0867052015625 0.4066491359375 0.10641092968750002 0.5972952671875 0.20559642656250002 0.5972952671875 0.2036258546875 0.5484598046875
0 0.19837099375 0.485537190625 0.207567 0.6010518406250001 0.2679978984375 0.602930128125 0.25945874999999996 0.48459804687499997 0.237125590625 0.41885800156249997 0.18457698281249998 0.413223140625 0.19837099375 0.485537190625
0 0.3218602203125 0.6085649890625 0.32908565312500004 0.5681818187500001 0.32383079375 0.482719759375 0.29624277499999996 0.4047708484375 0.25354703125 0.409466565625 0.2771939046875 0.6038692718750001 0.3218602203125 0.6085649890625
0 0.310036784375 0.42543200625 0.322517078125 0.4780240421875 0.3310562265625 0.5644252437499999 0.32383079375 0.6085649890625 0.3796636890625 0.6066867015625 0.386889121875 0.574755821875 0.38229111875 0.49586776875 0.3717813984375 0.4291885796875 0.310036784375 0.42543200625
0 0.447976878125 0.598234409375 0.438780871875 0.4301277234375 0.374408828125 0.42637115000000003 0.3855754078125 0.47238918124999996 0.392800840625 0.5944778359375 0.447976878125 0.598234409375
0 0.5064372046875001 0.58978211875 0.5694955328125 0.588842975 0.5570152390625001 0.3747182578125 0.4992117703125 0.3728399703125 0.5064372046875001 0.58978211875
0 0.5688386750000001 0.59353869375 0.620730425 0.588842975 0.61153441875 0.422614575 0.5602995265625 0.42731029375 0.5688386750000001 0.59353869375
0 0.6890436156249999 0.6095041328125 0.683131896875 0.42167543125 0.631240146875 0.4244928625 0.6286127171875 0.47238918124999996 0.6167892796875 0.4761457546875 0.6194167109375 0.5672426749999999 0.63583815 0.56630353125 0.637151865625 0.5954169796875 0.6627693109374999 0.5954169796875 0.6653967421875 0.6085649890625 0.6890436156249999 0.6095041328125
0 0.735023646875 0.5362509390625 0.7468470843749999 0.5390683703125 0.7468470843749999 0.4761457546875 0.7310825015625 0.4770848984375 0.7304256437500001 0.42167543125 0.683131896875 0.42073628750000003 0.6903573296875 0.61326070625 0.7021807671875 0.61138241875 0.704808196875 0.5944778359375 0.731739359375 0.59259955 0.735023646875 0.5362509390625
0 0.74553336875 0.40383170625 0.7527588015625 0.59166040625 0.8145034156250001 0.5869646875 0.8118759859375 0.40383170625 0.74553336875 0.40383170625
0 0.81253284375 0.43858001562500004 0.81581713125 0.5963561234375 0.8624540203125 0.59259955 0.8624540203125 0.45266716718750005 0.83092485625 0.45736288593749996 0.8250131375 0.43858001562500004 0.81253284375 0.43858001562500004
0 0.8644245921874999 0.412283996875 0.8723068843749999 0.602930128125 0.9393063578125 0.602930128125 0.9340514984375 0.41416228437499997 0.8644245921874999 0.412283996875
0 0.9353652125 0.41416228437499997 0.9393063578125 0.6038692718750001 0.9839726750000001 0.6076258453125 0.9833158171875 0.5465815171874999 0.9944823953125 0.5400075140625 0.99054125 0.485537190625 0.9820021015625 0.483658903125 0.97806095625 0.41791885781250004 0.9353652125 0.41416228437499997
0 0.949159221875 0.8311419984375 0.95638465625 0.9579263703124999 0.9990804000000001 0.9588655140625001 0.9957961109375001 0.741923365625 0.939963215625 0.740984221875 0.942590646875 0.8311419984375 0.949159221875 0.8311419984375
0 0.953757225 0.8320811421875 0.942590646875 0.833020284375 0.939963215625 0.8067242671875 0.8920126125 0.80108940625 0.8985811874999999 0.9823441015625001 0.960982659375 0.9861006765625 0.953757225 0.8320811421875
0 0.8788754593749999 0.8574380171874999 0.8749343140624999 0.7992111203125 0.83092485625 0.7945154015625 0.8335522859375001 0.9757700984375001 0.896610615625 0.977648384375 0.8952969 0.8593163031250001 0.8788754593749999 0.8574380171874999
0 0.7750919609375 0.9691960937499999 0.8348660000000001 0.979526671875 0.8296111406250001 0.7973328328125 0.78560168125 0.7963936890625 0.7875722546875 0.8471074375000001 0.76720966875 0.8433508640625 0.7750919609375 0.9691960937499999
0 0.7599842359375 0.833020284375 0.75210194375 0.789819684375 0.707435628125 0.7832456796875 0.714004203125 0.9701352359375001 0.7731213875 0.9701352359375001 0.77049395625 0.834898571875 0.7599842359375 0.833020284375
0 0.7113767734375 0.94383921875 0.707435628125 0.7841848234375 0.6496321593750001 0.7813673921875 0.6601418812500001 0.9466566484375001 0.7113767734375 0.94383921875
0 0.6594850234375 0.9457175046874999 0.6489753015625 0.7785499625 0.5892012609374999 0.7804282484375 0.5997109828125 0.9466566484375001 0.6594850234375 0.9457175046874999
0 0.536652653125 0.9466566484375001 0.6010246984375 0.9485349359375 0.5865738312500001 0.7804282484375 0.5294272203125 0.7813673921875 0.536652653125 0.9466566484375001
0 0.5373095109375 0.96731780625 0.5281135046875 0.7813673921875 0.4742511828125 0.7851239671875 0.4834471890625 0.9738918109375 0.5373095109375 0.96731780625
0 0.4834471890625 0.9738918109375 0.4716237515625 0.7851239671875 0.42104571718750006 0.77761081875 0.43418286874999995 0.9663786625 0.4834471890625 0.9738918109375
0 0.37703625937499996 0.9278737796875 0.3750656859375 0.956048084375 0.42827115156250006 0.9532306546875 0.43089858124999997 0.906273478125 0.42498686250000006 0.82268970625 0.41316342656250005 0.7813673921875 0.353389384375 0.7785499625 0.368497109375 0.8518031562499999 0.37703625937499996 0.9278737796875
0 0.32448765156250003 0.9513523671874999 0.3717813984375 0.955108940625 0.3750656859375 0.92223891875 0.369810825 0.8527422984375 0.348134525 0.77761081875 0.29492905937499997 0.7719759578125001 0.3212033640625 0.9072126218750001 0.32448765156250003 0.9513523671874999
0 0.2574881765625 0.9231780625000001 0.25486074687500004 0.9475957921875 0.3126642140625 0.9475957921875 0.30543878125 0.84804658125 0.289017340625 0.7747933890625001 0.227272728125 0.7719759578125001 0.2476353125 0.8433508640625 0.2574881765625 0.9231780625000001
0 0.2069101421875 0.92036063125 0.20493956875000002 0.9494740796875 0.2555176046875 0.9504132234375 0.25617446093749996 0.92223891875 0.24566474062500002 0.838655146875 0.2226747234375 0.7719759578125001 0.18523384062499998 0.77761081875 0.197057278125 0.8536814421875001 0.2069101421875 0.92036063125
0 0.14188124062500002 0.91848234375 0.145165528125 0.9513523671874999 0.19245927499999999 0.9475957921875 0.1957435625 0.910030053125 0.18260641093750002 0.8339594281249999 0.16487125625000001 0.7710368140625 0.111665790625 0.769158528125 0.1320283765625 0.838655146875 0.14188124062500002 0.91848234375
0 0.09585838125 0.91660405625 0.09458749375 0.9457175046874999 0.13465580625 0.9475957921875 0.140567525 0.91660405625 0.132685234375 0.838655146875 0.10444035781250001 0.769158528125 0.05579006875 0.7719759578125001 0.09585838125 0.91660405625