0 0.59188014375 0.10043780625000001 0.5946545828125 0.0437805828125 0.524368815625 0.031547773437499996 0.45593267343750005 0.0418490859375 0.45870711249999996 0.09142415625 0.5197447515625 0.089492659375 0.59188014375 0.10043780625000001
0 0.38472209375 0.0978624765625 0.38934615781250004 0.16868400781249998 0.499398871875 0.1493690453125 0.5965042078125 0.1661086796875 0.5937297703125 0.102369303125 0.521594378125 0.090780325 0.4540830484375 0.089492659375 0.38472209375 0.0978624765625
0 0.39304540781249997 0.23628637656249998 0.498474059375 0.2195467421875 0.5937297703125 0.23821787187500001 0.5955793953125 0.16868400781249998 0.49754924687499996 0.151300540625 0.3902709703125 0.1712593359375 0.39304540781249997 0.23628637656249998
0 0.3921205953125 0.309683234375 0.504022934375 0.2897244390625 0.5965042078125 0.31354622656250003 0.5928049578125 0.23886170468749998 0.499398871875 0.22083440625 0.3874965328125 0.23886170468749998 0.3921205953125 0.309683234375
0 0.3939702203125 0.3779294359375 0.5021733109375 0.3599021375 0.5974290203125 0.383723925 0.5983538328125 0.3161215546875 0.5067973734375 0.2935874328125 0.38934615781250004 0.31161473125 0.3939702203125 0.3779294359375
0 0.39304540781249997 0.44875096562500005 0.504022934375 0.430079834375 0.5983538328125 0.44875096562500005 0.5974290203125 0.385655421875 0.504022934375 0.3605459703125 0.3874965328125 0.3805047640625 0.39304540781249997 0.44875096562500005
0 0.3874965328125 0.48544939375 0.40414316093749997 0.48866855468750003 0.40229353437500004 0.5318053046875 0.4420604828125 0.5485449390625 0.6020530843749999 0.5453257796875 0.6002034593750001 0.45003862968749997 0.5058725609375 0.43265516406250004 0.3874965328125 0.45132629375000005 0.3874965328125 0.48544939375
0 0.1377970953125 0.726886428125 0.1359474703125 0.7809683234375 0.2219550546875 0.77710533125 0.2247294921875 0.7262425953125 0.217330990625 0.684393509375 0.1322482203125 0.6850373421875 0.1377970953125 0.726886428125
0 0.22842874375000002 0.726886428125 0.2256543046875 0.7822559874999999 0.320910015625 0.77710533125 0.320910015625 0.6940509921875 0.3079626375 0.62902395 0.21085730156250002 0.6315992796875001 0.22842874375000002 0.726886428125
0 0.322759640625 0.7803244921875 0.42078979062500005 0.7790368265625001 0.42078979062500005 0.6863250062499999 0.4115416625 0.62838011875 0.3144363265625 0.62838011875 0.323684453125 0.693407159375 0.322759640625 0.7803244921875
0 0.42356422812499994 0.7783929953125 0.522519190625 0.774530003125 0.524368815625 0.690188 0.5151206875 0.6270924546875001 0.4161657265625 0.6296677828125 0.42263941562499996 0.6908318312499999 0.42356422812499994 0.7783929953125
0 0.524368815625 0.7738861703125 0.6223989640625 0.771954675 0.6223989640625 0.6882565031250001 0.61407565 0.6251609578124999 0.5188199390625 0.6264486218750001 0.526218440625 0.6908318312499999 0.524368815625 0.7738861703125
0 0.6260982140625 0.693407159375 0.625173403125 0.77259850625 0.7278276140625 0.770023178125 0.7241283640625 0.6850373421875 0.7158050499999999 0.6232294625 0.615925275 0.6251609578124999 0.6260982140625 0.693407159375
0 0.7278276140625 0.690188 0.7306020531249999 0.770023178125 0.8221585125 0.7693793453125 0.8304818265625 0.6824620140625 0.8129103859375 0.6225856296875001 0.7195043 0.6225856296875001 0.7278276140625 0.690188
0 0.823083325 0.7693793453125 0.8961435312500001 0.7687355140625 0.8878202171874999 0.6708730359375 0.833256265625 0.6721606999999999 0.8341810781250001 0.6992016484375 0.823083325 0.7693793453125
0 0.74817349375 0.46613443125 0.64089521875 0.48158640156250004 0.64089521875 0.5582024203125 0.7971885703125 0.5594900843749999 0.8471284562499999 0.5343806343749999 0.8434292062500001 0.48673705937499995 0.74817349375 0.46613443125
0 0.7490983078125 0.4642029359375 0.84435401875 0.48673705937499995 0.8434292062500001 0.4133402015625 0.74447424375 0.3946690703125 0.64089521875 0.40818954375 0.63997040625 0.47772340937499996 0.7490983078125 0.4642029359375
0 0.7490983078125 0.390806078125 0.8489780828125 0.41269636875 0.8471284562499999 0.3444501671875 0.7472486828125 0.3251352046875 0.6371959671874999 0.3399433421875 0.6371959671874999 0.4062580484375 0.7490983078125 0.390806078125
0 0.74817349375 0.32320370781249996 0.84435401875 0.342518671875 0.84435401875 0.271053309375 0.7398501796875 0.25495750781250004 0.6353463421875001 0.27298480468749997 0.6381207796874999 0.33608034999999997 0.74817349375 0.32320370781249996
0 0.8388051421875 0.2659026515625 0.8369555171874999 0.204094771875 0.7435494312500001 0.18542364218750002 0.6325719046875 0.2053824359375 0.6344215296875 0.271053309375 0.74447424375 0.252382178125 0.8388051421875 0.2659026515625
0 0.8369555171874999 0.20345093906249997 0.8360307046875001 0.133917075 0.7426246187500001 0.1171774390625 0.6353463421875001 0.133917075 0.6344215296875 0.20087561250000002 0.7463238703124999 0.1834921453125 0.8369555171874999 0.20345093906249997
0 0.835105890625 0.132629409375 0.835105890625 0.103013134375 0.770369 0.088204996875 0.7638953109375 0.050218903125000006 0.6954591703124999 0.0392737578125 0.6325719046875 0.0560133921875 0.628872653125 0.1306979140625 0.7453990562499999 0.11588977656249999 0.835105890625 0.132629409375