0 0.1819923375 0.1115280390625 0.185413246875 0.15843235312499998 0.32361795312499997 0.14853033124999998 0.3024083203125 0.04065040625 0.20388615312499997 0.046904315625 0.20935960625 0.10892224218749999 0.1819923375 0.1115280390625
0 0.48371647500000003 0.9156764640624999 0.5227148328125 0.9115071921875 0.52134646875 0.8734625812499999 0.532977559375 0.8698144671874999 0.5254515609375 0.8296852187500001 0.3947728515625 0.8333333328125001 0.41050903125 0.9485094843749999 0.48645320156249994 0.9443402125 0.48371647500000003 0.9156764640624999
0 0.5042419265625 0.7681884515624999 0.5001368359375 0.7405670203125 0.3838259453125 0.73900354375 0.3906677609375 0.8281217421875 0.535030103125 0.8234313109375 0.5309250140625 0.768709609375 0.5042419265625 0.7681884515624999
0 0.3947728515625 0.8348968109375001 0.24425287343750002 0.8432353562499999 0.251094690625 0.9250573281250001 0.4036672140625 0.9219303734375 0.3947728515625 0.8348968109375001
0 0.22030651406250001 0.9568480296875 0.20935960625 0.8875338749999999 0.0013683640625 0.9057744421875 0.0054734531250000005 0.96622889375 0.22030651406250001 0.9568480296875
0 0.3906677609375 0.8354179703125 0.3804050359375 0.7306649984375 0.23946360156250002 0.73535543125 0.2435686921875 0.8401084015625001 0.3906677609375 0.8354179703125
0 0.1758347015625 0.225661871875 0.2168856046875 0.22357723593749998 0.22099069531249999 0.276735459375 0.333880678125 0.2683969140625 0.3263546796875 0.1589535125 0.168308703125 0.16833437499999998 0.1758347015625 0.225661871875
0 0.5131362890625 0.25276214218750004 0.49671592656249997 0.1516572859375 0.3297755890625 0.15843235312499998 0.33866995 0.2595372109375 0.5131362890625 0.25276214218750004
0 0.4495073890625 0.10735876562499999 0.442665571875 0.072441109375 0.32019704375 0.0781738578125 0.32909140625 0.1573900359375 0.5117679265625 0.14592453593750002 0.506294471875 0.1042318109375 0.4495073890625 0.10735876562499999
0 0.2928297765625 0.37888263437499997 0.34277504062499997 0.375234521875 0.3359332234375 0.2960183453125 0.2305692390625 0.30383573125 0.23946360156250002 0.3913904515625 0.29351395625 0.3877423390625 0.2928297765625 0.37888263437499997
0 0.33798576874999997 0.2902855953125 0.350985221875 0.384094225 0.5001368359375 0.3731498859375 0.49671592656249997 0.34344381875 0.524767378125 0.34188034218749996 0.515188834375 0.28038357343750003 0.33798576874999997 0.2902855953125
0 0.363984675 0.4398582453125 0.36877394531249996 0.48155096875 0.5049261078125 0.47217010625 0.50218938125 0.37575568125 0.342090859375 0.3825307484375 0.3530377671875 0.441421721875 0.363984675 0.4398582453125
0 0.35577449375 0.45132374375 0.3482484953125 0.38513654375 0.20867542343749998 0.3913904515625 0.214148878125 0.46643735625 0.2483579640625 0.466958515625 0.2531472359375 0.4951011046875 0.361247946875 0.48936835624999997 0.3619321296875 0.45966228906250006 0.35577449375 0.45132374375
0 0.3674055828125 0.611319575 0.359879584375 0.512299353125 0.20388615312499997 0.5216802171875 0.2073070609375 0.6222639140624999 0.3674055828125 0.611319575
0 0.2620415984375 0.7343131125 0.261357415625 0.7077340000000001 0.30993431875 0.7066916812499999 0.3092501359375 0.7223264546875 0.3804050359375 0.7181571812499999 0.3680897640625 0.6123618937499999 0.22099069531249999 0.620179278125 0.22304324062499997 0.7395247031250001 0.2620415984375 0.7343131125
0 0.5117679265625 0.64727955 0.507662834375 0.6029810296875 0.38245758125 0.6040233484375 0.39135194375000004 0.6894934328125 0.49808429062500004 0.682718365625 0.4946633828125 0.6498853453125 0.5117679265625 0.64727955
0 0.51108374375 0.5164686265625 0.3742474 0.5216802171875 0.378352490625 0.6029810296875 0.516557196875 0.6003752343750001 0.51108374375 0.5164686265625
0 0.7416529828125 0.1318532421875 0.7361795296875 0.08755472187499999 0.7190749859375 0.08859703906250001 0.715654078125 0.06722951875 0.6759715374999999 0.06879299531250001 0.669813903125 0.0594121328125 0.542556103125 0.07087763281250001 0.5500821015625 0.1412341046875 0.688286809375 0.12716281093749998 0.7416529828125 0.1318532421875
0 0.6000273671875 0.16312278593750001 0.61165845625 0.164165103125 0.6143951828125 0.1917865328125 0.734126984375 0.1787575578125 0.7245484390625 0.1323744 0.6876026265624999 0.12872628749999998 0.597290640625 0.14019178593749998 0.6000273671875 0.16312278593750001
0 0.6273946359375 0.1917865328125 0.6267104546875 0.2011673953125 0.6164477296875 0.20533666875 0.62055281875 0.2538044609375 0.6568144499999999 0.2480717109375 0.6568144499999999 0.256931415625 0.7012862609375 0.25276214218750004 0.7320744390625 0.25224098437500003 0.72865353125 0.19647696406249998 0.6732348109374999 0.1975192828125 0.6752873562499999 0.1891807375 0.6273946359375 0.1917865328125
0 0.6547619046875 0.2543256203125 0.6082375484375 0.25484677968749997 0.6143951828125 0.2876798 0.628763 0.2850740046875 0.6362889984375 0.31321659375 0.7580733453125 0.303314571875 0.7505473453125 0.2532833015625 0.6992337171874999 0.2538044609375 0.6547619046875 0.2543256203125
0 0.6171319093750001 0.37002293124999996 0.6684455390624999 0.369501771875 0.669813903125 0.3767979984375 0.7094964421875 0.3715864078125 0.760810071875 0.3747133625 0.752599890625 0.3168647078125 0.6143951828125 0.31999166093750003 0.6171319093750001 0.37002293124999996
0 0.5808702796875 0.3835730671875 0.5836070062500001 0.4523660625 0.6759715374999999 0.44923910781250004 0.6787082640625 0.43725245 0.762862615625 0.43308317656249995 0.760810071875 0.3747133625 0.710180625 0.37367104375000004 0.6670771765625 0.3778403171875 0.5808702796875 0.3835730671875
0 0.799808428125 0.44559099375000005 0.9503284078125 0.4382947671875 0.943486590625 0.379924953125 0.9010673234375 0.3825307484375 0.779282978125 0.389305815625 0.7827038859375001 0.415884928125 0.798440065625 0.41849072343750005 0.799808428125 0.44559099375000005
0 0.9072249593749999 0.37940379375 0.907909140625 0.37106525 0.9393815 0.37106525 0.9366447734375001 0.327809046875 0.78475643125 0.33718990937500004 0.7820197046875 0.3877423390625 0.9072249593749999 0.37940379375
0 0.9407498640625 0.3272878890625 0.9325396828124999 0.262664165625 0.8873836890625 0.26110068750000004 0.7731253421875001 0.27048155 0.7738095234375 0.33406295625000004 0.9407498640625 0.3272878890625
0 0.7785987953125 0.2574525734375 0.8093869734375 0.2595372109375 0.8100711546875001 0.2647488015625 0.889436234375 0.26110068750000004 0.8914887796875 0.2574525734375 0.9318555015625 0.255889096875 0.9325396828124999 0.21940796406250002 0.8832785984375 0.217323328125 0.7820197046875 0.2214926 0.7717569796875 0.237127371875 0.7785987953125 0.2574525734375
0 0.7484948 0.2136752140625 0.9284345921874999 0.203773190625 0.9250136828125 0.1521784453125 0.870963328125 0.1422764234375 0.7820197046875 0.14696685468749998 0.7464422546875 0.1620804671875 0.7484948 0.2136752140625
0 0.9147509578124999 0.14748801250000002 0.909277503125 0.10579528906249999 0.87643678125 0.10318949375 0.871647509375 0.0964144265625 0.7594417078125 0.10892224218749999 0.762862615625 0.149051490625 0.8668582375 0.14019178593749998 0.9147509578124999 0.14748801250000002
0 0.681444990625 0.492495309375 0.68418171875 0.497185740625 0.7190749859375 0.4951011046875 0.7772304328125 0.49666458125 0.7697044328125 0.440379403125 0.63834154375 0.4476756296875 0.6417624515625 0.4851990828125 0.6643404484375 0.49301646874999994 0.681444990625 0.492495309375
0 0.6547619046875 0.501876171875 0.6602353578125 0.5581613515625 0.78612479375 0.55347091875 0.780651340625 0.498228059375 0.7183908046874999 0.497185740625 0.6834975375 0.4977069 0.6547619046875 0.501876171875
0 0.69170771875 0.6186158015625 0.7293377125 0.6180946421875 0.7902298859375 0.62174275625 0.7820197046875 0.5633729421875 0.6356048171875 0.56858453125 0.6376573624999999 0.620179278125 0.6896551718749999 0.615488846875 0.69170771875 0.6186158015625
0 0.662972084375 0.679070253125 0.7785987953125 0.671774025 0.7731253421875001 0.6222639140624999 0.6944444453124999 0.620179278125 0.6581828125 0.6269543468750001 0.662972084375 0.679070253125
0 0.6657088124999999 0.743172815625 0.7464422546875 0.7379612265625 0.7833880671875 0.73900354375 0.7827038859375001 0.682718365625 0.662972084375 0.6894934328125 0.6657088124999999 0.7400458624999999 0.6657088124999999 0.743172815625
0 0.6568144499999999 0.770794246875 0.6732348109374999 0.7713154046875 0.674603175 0.7958098812500001 0.7915982484375 0.7895559734375001 0.78407225 0.7405670203125 0.7416529828125 0.73900354375 0.6540777234374999 0.7426516578125 0.6568144499999999 0.770794246875
0 0.6520251765625 0.8541796953125 0.717022440625 0.8494892640625 0.7177066234375 0.85834896875 0.7573891625 0.85261621875 0.8093869734375 0.857827809375 0.8011767937500001 0.8031061078124999 0.7765462515625 0.799979153125 0.6479200875 0.8083176984374999 0.6520251765625 0.8541796953125
0 0.6178160921875 0.8630394000000001 0.626026271875 0.9255784874999999 0.6732348109374999 0.9229726906250001 0.6732348109374999 0.93391703125 0.716338259375 0.9360016671875 0.716338259375 0.9474671671875001 0.8134920640625 0.9459036890625001 0.8093869734375 0.8593912859374999 0.7560208 0.8541796953125 0.6554460859375 0.857827809375 0.6178160921875 0.8630394000000001
0 0.8107553359375 0.9208880546874999 0.8258073343750001 0.9240150093749999 0.83059660625 0.9417344171875 0.8627531484375 0.9370439859375 0.8661740546875001 0.9250573281250001 0.9024356875 0.9250573281250001 0.9024356875 0.91307066875 0.9366447734375001 0.9115071921875 0.9400656812499999 0.9234938500000001 0.9872742203125 0.9177611000000001 0.9886425843750001 0.84688346875 0.9373289546875 0.8442776734375 0.8107553359375 0.858870128125 0.8107553359375 0.9208880546874999
0 0.94143404375 0.8432353562499999 0.9859058578125 0.8432353562499999 0.9790640390625001 0.7973733578125 0.9339080453124999 0.7937252453125 0.8032293375 0.7978945171875 0.81143951875 0.85730665 0.94143404375 0.8432353562499999
0 0.981800765625 0.79111945 0.9770114937500001 0.7322284765625 0.9284345921874999 0.72962268125 0.7874931578125001 0.7363977484374999 0.7950191578125 0.7963310406249999 0.981800765625 0.79111945
0 0.9674329500000001 0.673337503125 0.7874931578125001 0.6816760484375 0.788861521875 0.734834271875 0.9735905859375 0.728059203125 0.9674329500000001 0.673337503125
0 0.9646962234375 0.67281634375 0.9612753156249999 0.617052325 0.8880678703125 0.6149676890625 0.78475643125 0.6274755062499999 0.7874931578125001 0.6816760484375 0.9646962234375 0.67281634375
0 0.8839627812499999 0.6128830515625 0.9646962234375 0.61601000625 0.9640120421875 0.5571190328125 0.78475643125 0.56493641875 0.7922824296875 0.624869709375 0.8839627812499999 0.6128830515625
0 0.7902298859375 0.5633729421875 0.9605911328125 0.5571190328125 0.9585385875 0.493537628125 0.8935413249999999 0.49301646874999994 0.8353858781250001 0.4977069 0.789545703125 0.5023973328125 0.7902298859375 0.5633729421875
0 0.8052818828125 0.4825932875 0.7868089765625 0.48415676406249997 0.7909140671875 0.50343965 0.8832785984375 0.49197415 0.9585385875 0.49197415 0.9510125890625 0.4388159265625 0.857963875 0.4435063578125 0.857963875 0.45132374375 0.8045977000000001 0.45601417499999997 0.8052818828125 0.4825932875