0 0.1645320203125 0.44409312968750003 0.23152709374999997 0.44409312968750003 0.23152709374999997 0.392354125 0.24137931093749998 0.38085656874999996 0.2492610828125 0.283127334375 0.2394088671875 0.2155791890625 0.1615763546875 0.21989077343750002 0.1645320203125 0.44409312968750003
0 0.30147783281249996 0.21414199531250003 0.24137931093749998 0.21414199531250003 0.2522167484375 0.2845645296875 0.245320196875 0.3679218171875 0.2374384234375 0.38229376249999997 0.23546797968750002 0.4484047140625 0.325123153125 0.4498419078125 0.31822659999999997 0.291750503125 0.304433496875 0.27450416875 0.30147783281249996 0.21414199531250003
0 0.41083743906250003 0.42972118437500006 0.413793103125 0.28887611406249997 0.40295566406249994 0.21414199531250003 0.32906403906250004 0.21989077343750002 0.333990146875 0.43690715625000004 0.41083743906250003 0.42972118437500006
0 0.41576354687499995 0.28887611406249997 0.41773399062500005 0.43115837968750004 0.4857142859375 0.42972118437500006 0.48177339999999996 0.1580914046875 0.3931034484375 0.163840184375 0.399014778125 0.2155791890625 0.41576354687499995 0.28887611406249997
0 0.48374384218750005 0.1624029890625 0.4876847296875 0.24432308125 0.49753694531250003 0.245760275 0.5024630546875 0.43115837968750004 0.5743842359375 0.42397240468749997 0.582266009375 0.2759413625 0.5743842359375 0.1681517671875 0.48374384218750005 0.1624029890625
0 0.6482758625 0.42397240468749997 0.64630541875 0.19114688124999998 0.5793103453125 0.1940212703125 0.584236453125 0.2773785578125 0.5812807875 0.42972118437500006 0.6482758625 0.42397240468749997
0 0.7477832515625 0.4426559359375 0.74975369375 0.2673181953125 0.7300492609375 0.18396090781250002 0.6709359609375001 0.19114688124999998 0.6709359609375001 0.4412187421875 0.7477832515625 0.4426559359375
0 0.8669950734375 0.1595286 0.7280788171875 0.1695889625 0.74975369375 0.270192584375 0.7546798031249999 0.42540959999999994 0.815763546875 0.42397240468749997 0.8187192124999999 0.2471974703125 0.876847290625 0.2400114984375 0.8669950734375 0.1595286
0 0.25024630625 0.7717734984375 0.3221674875 0.7688991093750001 0.3330049265625 0.6611095140625001 0.3300492609375 0.5734406437499999 0.3133004921875 0.5331991953124999 0.2512315265625 0.5346363890625 0.25024630625 0.7717734984375
0 0.335960590625 0.653923540625 0.3113300484375 0.8163265296875 0.399014778125 0.7990801953125 0.40098522187499996 0.5504455296875 0.382266009375 0.52026444375 0.3458128078125 0.5346363890625 0.3300492609375 0.57200345 0.335960590625 0.653923540625
0 0.48472906406250005 0.8033917796875001 0.49064039375 0.6409887890625 0.474876846875 0.5217016390625 0.4078817734375 0.5231388328125 0.39802955624999997 0.7990801953125 0.48472906406250005 0.8033917796875001
0 0.5507389171875 0.7401552171875 0.55369458125 0.52026444375 0.47783251250000003 0.51882725 0.49064039375 0.642425984375 0.49064039375 0.7545271625 0.5507389171875 0.7401552171875
0 0.634482759375 0.5705662546875 0.6226600984374999 0.5734406437499999 0.6206896546875 0.5231388328125 0.5950738921875 0.51020408125 0.5605911328125 0.5331991953124999 0.552709359375 0.7775222765625001 0.634482759375 0.76602471875 0.6413793109375 0.630928428125 0.634482759375 0.5705662546875
0 0.7172413796875 0.7688991093750001 0.710344828125 0.5087668875 0.630541871875 0.5130784703125 0.6423645312499999 0.6352400109375 0.6374384234375 0.7717734984375 0.7172413796875 0.7688991093750001
0 0.710344828125 0.51882725 0.7192118234375 0.7516527734375 0.788177340625 0.7459039953125 0.7911330046875 0.6237424546875 0.780295565625 0.55331991875 0.7733990140625 0.5159528609375 0.710344828125 0.51882725
0 0.8591133 0.6769186546875 0.89458128125 0.6697326828125 0.89458128125 0.5274504171875 0.8522167484375001 0.5274504171875 0.8512315265625 0.5087668875 0.7753694578125 0.5173900546875 0.7931034484375 0.6237424546875 0.7871921171875 0.76315033125 0.8551724140625 0.758838746875 0.8591133 0.6769186546875
0 0.34975369375 0.800517390625 0.24630541875 0.8077033625000001 0.24630541875 0.88243748125 0.27389162499999997 0.88243748125 0.2709359609375 0.9039954015625 0.2630541875 0.9269905140624999 0.27487684687499997 0.99885024375 0.3743842359375 0.991664271875 0.36847290625 0.8810002875 0.34975369375 0.800517390625
0 0.3596059109375 0.8033917796875001 0.37241379375 0.8881862609375 0.380295565625 0.9844782984375 0.5241379312500001 0.9629203796875 0.5172413796875001 0.8580051734374999 0.5586206890625001 0.8522563953125 0.5625615765624999 0.77608508125 0.5458128078125 0.758838746875 0.49556650312499995 0.770336303125 0.47684729062500003 0.791894221875 0.47684729062500003 0.81920091875 0.4394088671875 0.81920091875 0.43448275937499997 0.7990801953125 0.3596059109375 0.8033917796875001
0 0.7349753703124999 0.8033917796875001 0.7034482765625001 0.791894221875 0.6354679796875 0.812014946875 0.647290640625 0.9399252656250001 0.784236453125 0.9356136828125001 0.782266009375 0.83932164375 0.7349753703124999 0.8033917796875001