0 0.1487904078125 0.1707175921875 0.162706059375 0.0983796296875 0.123099978125 0.09114583281250001 0.09955041718749999 0.15335648125 0.10811389375 0.261863425 0.166987796875 0.2604166671875 0.1487904078125 0.1707175921875
0 0.1701991015625 0.26215277812500004 0.20038535624999998 0.2517361109375 0.19588953125 0.1770833328125 0.201669878125 0.09895833281250001 0.1701991015625 0.09461805625 0.1528580609375 0.171875 0.1701991015625 0.26215277812500004
0 0.1965317921875 0.053819443749999994 0.2042389203125 0.1050347234375 0.1978163125 0.1692708328125 0.201669878125 0.265625 0.24277456718749998 0.26215277812500004 0.2312138734375 0.16579861093749998 0.24341682812499998 0.0972222234375 0.24341682812499998 0.053819443749999994 0.1965317921875 0.053819443749999994
0 0.2344251765625 0.1692708328125 0.2440590875 0.25868055624999997 0.2813102125 0.25694444375000003 0.2710340390625 0.1666666671875 0.27296082187500004 0.0972222234375 0.24534360937500002 0.09288194375 0.2344251765625 0.1692708328125
0 0.2736030828125 0.1675347234375 0.28323699375 0.24913194375 0.321130378125 0.24826388906250002 0.309569684375 0.17100694375 0.3166345546875 0.02430555625 0.28644829843749997 0.0355902765625 0.27681438593749996 0.09548611093750001 0.2736030828125 0.1675347234375
0 0.3172768140625 0.026909723437499998 0.3114964671875 0.1640625 0.323699421875 0.25086805624999997 0.3551702 0.25086805624999997 0.3461785484375 0.171875 0.346820809375 0.0607638890625 0.332691071875 0.0564236109375 0.3314065515625 0.0338541671875 0.3172768140625 0.026909723437499998
0 0.37443802187499997 0.06336805625 0.34810532968749996 0.053819443749999994 0.3500321125 0.1692708328125 0.3622350671875 0.2630208328125 0.4001284515625 0.2560763890625 0.3821451515625 0.1692708328125 0.390494540625 0.1059027765625 0.3731535 0.09895833281250001 0.37443802187499997 0.06336805625
0 0.39242132343749997 0.053819443749999994 0.394990365625 0.1076388890625 0.383429671875 0.1692708328125 0.404624278125 0.2708333328125 0.45407835625 0.27256944375000003 0.43416827187499996 0.15538194375 0.44637122656250006 0.1119791671875 0.4431599234375 0.05208333281250001 0.39242132343749997 0.053819443749999994
0 0.48169556875 0.07986111093750001 0.44572896562500003 0.0529513890625 0.44829800937500003 0.1067708328125 0.43737957656250004 0.1675347234375 0.4605009640625 0.26649305624999997 0.5016056515625 0.2708333328125 0.478484265625 0.17013888906250002 0.487475915625 0.11024305625 0.479126525 0.1050347234375 0.48169556875 0.07986111093750001
0 0.48362235 0.05989583281250001 0.49197174062500004 0.1154513890625 0.4829800890625 0.17100694375 0.5054592171875 0.27430555624999997 0.5433526015625 0.27256944375000003 0.5228002578125001 0.17274305625 0.5298651249999999 0.1154513890625 0.5170199109375 0.05989583281250001 0.48362235 0.05989583281250001
0 0.5208734749999999 0.0581597234375 0.5350032109375 0.12586805625 0.526653821875 0.17621527812499999 0.5484906875 0.26996527812500004 0.589595375 0.26649305624999997 0.570327553125 0.17795138906250002 0.5773924203125 0.1171875 0.558766859375 0.059027778125 0.5208734749999999 0.0581597234375
0 0.5632626843749999 0.0581597234375 0.5812459859375 0.1206597234375 0.5761079 0.18055555625 0.59216441875 0.27256944375000003 0.6364804109375 0.2734375 0.61978163125 0.18576388906250002 0.627488759375 0.1232638890625 0.609505459375 0.066840278125 0.5632626843749999 0.0581597234375
0 0.6159280671875 0.06770833281250001 0.6345536296875001 0.1276041671875 0.62427745625 0.19357638906250002 0.6396917140625 0.27690972187499996 0.678869621875 0.2795138890625 0.66152858125 0.19357638906250002 0.6685934484375 0.1284722234375 0.648683365625 0.07291666718749999 0.6159280671875 0.06770833281250001
0 0.653179190625 0.07118055625 0.6750160562499999 0.1328125 0.6685934484375 0.19704861093749998 0.685292228125 0.28211805624999997 0.727039178125 0.27777777812500004 0.7096981375 0.1979166671875 0.7174052671875 0.1380208328125 0.691072575 0.078125 0.653179190625 0.07118055625
0 0.6955684 0.078125 0.7199743093750001 0.13975694375 0.71676300625 0.20138888906250002 0.7321772640625 0.28993055624999997 0.770712909375 0.2916666671875 0.756583171875 0.19704861093749998 0.7630057796874999 0.14149305625 0.7392421312499999 0.08854166718749999 0.6955684 0.078125
0 0.768143865625 0.1458333328125 0.76236351875 0.20138888906250002 0.777777778125 0.2951388890625 0.8933847140625 0.30381944375000003 0.8927424531250001 0.1362847234375 0.85934489375 0.0859375 0.7379576109375 0.074652778125 0.768143865625 0.1458333328125
0 0.0931278109375 0.33940972343750003 0.10019267812499999 0.4253472234375 0.1592806671875 0.4166666671875 0.150931278125 0.3376736109375 0.1650610140625 0.2751736109375 0.0879897234375 0.27430555624999997 0.0783558125 0.3359375 0.0931278109375 0.33940972343750003
0 0.1631342328125 0.4175347234375 0.194605009375 0.41319444375 0.18754014218749998 0.328125 0.197174053125 0.2734375 0.1701991015625 0.27256944375000003 0.15542710312500002 0.33246527812500004 0.1631342328125 0.4175347234375
0 0.1978163125 0.41493055625 0.2357096984375 0.4166666671875 0.2273603078125 0.3359375 0.2395632625 0.27256944375000003 0.2023121390625 0.26996527812500004 0.19139370625000002 0.33246527812500004 0.1978163125 0.41493055625
0 0.240847784375 0.4140625 0.27296082187500004 0.41493055625 0.26846499687500003 0.33159722187499996 0.2806679515625 0.2717013890625 0.24341682812499998 0.27256944375000003 0.22928709062500002 0.3307291671875 0.240847784375 0.4140625
0 0.2723185609375 0.4166666671875 0.31535003125 0.41493055625 0.31021194531249996 0.3359375 0.323699421875 0.2734375 0.2858060375 0.2717013890625 0.2736030828125 0.3307291671875 0.2723185609375 0.4166666671875
0 0.317919075 0.4175347234375 0.35645472031250003 0.4175347234375 0.34938985312500004 0.3385416671875 0.36416185 0.2708333328125 0.3288375078125 0.2717013890625 0.31342325 0.33506944375000003 0.317919075 0.4175347234375
0 0.3577392421875 0.4279513890625 0.40269749531250004 0.42274305625 0.3917790625 0.33940972343750003 0.406551059375 0.2786458328125 0.367373153125 0.27256944375000003 0.351316634375 0.3376736109375 0.3577392421875 0.4279513890625
0 0.4052665390625 0.42274305625 0.44637122656250006 0.4175347234375 0.4380218375 0.3359375 0.4489402703125 0.2786458328125 0.40912010312499997 0.2760416671875 0.39434810468750003 0.3359375 0.4052665390625 0.42274305625
0 0.44637122656250006 0.4166666671875 0.484906871875 0.41840277812500004 0.4823378296875 0.3359375 0.4926140015625 0.28038194375000003 0.455362878125 0.27690972187499996 0.4405908796875 0.33680555624999997 0.44637122656250006 0.4166666671875
0 0.484906871875 0.33940972343750003 0.48619139375 0.421875 0.5279383421875 0.42100694375 0.5208734749999999 0.3411458328125 0.533076428125 0.28125 0.49710982656249997 0.2795138890625 0.484906871875 0.33940972343750003
0 0.5247270390625001 0.3454861109375 0.5305073859375 0.4236111109375 0.5761079 0.4279513890625 0.5684007703125 0.3463541671875 0.5741811171875 0.2864583328125 0.5337186890625001 0.28038194375000003 0.5247270390625001 0.3454861109375
0 0.5728965968749999 0.3532986109375 0.57867694375 0.43055555625 0.62427745625 0.43663194375 0.6178548484374999 0.3498263890625 0.6229929359375 0.28993055624999997 0.5793192031250001 0.28559027812500004 0.5728965968749999 0.3532986109375
0 0.6217084140625 0.35590277656249997 0.6300578031249999 0.4435763890625 0.671804753125 0.4479166671875 0.66152858125 0.35503472343750003 0.669235709375 0.2986111109375 0.627488759375 0.2907986109375 0.6217084140625 0.35590277656249997
0 0.6666666671875 0.3645833328125 0.6750160562499999 0.4487847234375 0.7148362234375 0.4470486109375 0.701348746875 0.3645833328125 0.70777135625 0.3046875 0.67052023125 0.29774305624999997 0.6666666671875 0.3645833328125
0 0.7058445734375 0.36805555624999997 0.71676300625 0.4470486109375 0.7578676953125 0.4565972234375 0.7437379578125001 0.3645833328125 0.754656390625 0.3046875 0.7096981375 0.30121527812500004 0.7058445734375 0.36805555624999997
0 0.834296725 0.35503472343750003 0.8233782921874999 0.31163194375000003 0.759152215625 0.30381944375000003 0.745022478125 0.3671875 0.7610789984374999 0.4609375 0.8381502890625001 0.4748263890625 0.8407193328125 0.4253472234375 0.8542068078125 0.40711805625 0.851637765625 0.3767361109375 0.834296725 0.35503472343750003
0 0.14065510625 0.75 0.14964675624999998 0.7786458328125 0.16827231874999998 0.785590278125 0.17212588281250002 0.7994791671875 0.20680796406250002 0.793402778125 0.1984585734375 0.7039930562500001 0.1984585734375 0.625 0.1650610140625 0.6302083328125 0.14515093125 0.660590278125 0.14322415 0.6892361109375 0.13744380312499999 0.7161458328125 0.14065510625 0.75
0 0.20937700625 0.7907986109375 0.24277456718749998 0.7829861109375 0.231856134375 0.698784721875 0.2402055234375 0.6206597234375 0.201669878125 0.6197916671875 0.1997430953125 0.6979166671875 0.20937700625 0.7907986109375
0 0.24277456718749998 0.7821180562500001 0.280025690625 0.78125 0.2761721265625 0.7005208328125 0.2858060375 0.6206597234375 0.24341682812499998 0.6180555562500001 0.2357096984375 0.6961805562500001 0.24277456718749998 0.7821180562500001
0 0.2793834296875 0.7821180562500001 0.323699421875 0.7795138890625 0.3185613359375 0.7005208328125 0.3301220296875 0.6145833328125 0.28965960156250004 0.6180555562500001 0.2806679515625 0.699652778125 0.2793834296875 0.7821180562500001
0 0.3256262046875 0.78125 0.36673089375 0.777777778125 0.3577392421875 0.7005208328125 0.368657675 0.6085069437499999 0.33204881249999996 0.6111111109375 0.32048811875 0.7005208328125 0.3256262046875 0.78125
0 0.36994219687499996 0.7795138890625 0.41168914531249995 0.776909721875 0.39884393125 0.6979166671875 0.4097623625 0.6189236109375 0.3712267171875 0.6128472234375 0.36159280625 0.6961805562500001 0.36994219687499996 0.7795138890625
0 0.40333975625 0.6970486109375 0.41297366718750006 0.7803819437499999 0.452793834375 0.78125 0.44572896562500003 0.699652778125 0.455362878125 0.6119791671875 0.41297366718750006 0.6145833328125 0.40333975625 0.6970486109375
0 0.45407835625 0.7821180562500001 0.496467565625 0.7838541671875 0.48811817656249995 0.7048611109375 0.496467565625 0.6223958328125 0.4579319203125 0.6128472234375 0.44829800937500003 0.7005208328125 0.45407835625 0.7821180562500001
0 0.5009633906250001 0.7829861109375 0.5362877328125 0.7864583328125 0.533076428125 0.7013888890625 0.5407835578125 0.6267361109375 0.49967887031249997 0.6223958328125 0.48940269687500004 0.7022569437499999 0.5009633906250001 0.7829861109375
0 0.5375722546875 0.5659722234375 0.538214515625 0.703125 0.5369299937500001 0.785590278125 0.586384071875 0.7907986109375 0.5761079 0.703125 0.5883108546875 0.6024305562500001 0.567758509375 0.6024305562500001 0.5626204234375 0.5729166671875 0.5375722546875 0.5659722234375
0 0.580603725 0.7022569437499999 0.5883108546875 0.793402778125 0.6345536296875001 0.796875 0.6229929359375 0.706597221875 0.63326910625 0.6241319437499999 0.5883108546875 0.6180555562500001 0.580603725 0.7022569437499999
0 0.63583815 0.6362847234375 0.6249197171875001 0.7092013890625 0.6377649328125 0.7951388890625 0.6795118812500001 0.796875 0.6666666671875 0.7196180562500001 0.68464996875 0.644965278125 0.6833654453125 0.6024305562500001 0.6345536296875001 0.5972222234375 0.63583815 0.6362847234375
0 0.690430315625 0.6154513890625 0.671804753125 0.71875 0.6814386640625 0.7960069437499999 0.7231856140625 0.8029513890625 0.715478484375 0.71875 0.732819525 0.660590278125 0.727039178125 0.6006944437499999 0.6897880546875 0.5946180562500001 0.690430315625 0.6154513890625
0 0.7353885671875 0.6545138890625 0.7186897875 0.7204861109375 0.72575465625 0.801215278125 0.77199743125 0.8055555562500001 0.76236351875 0.7282986109375 0.7700706484375 0.6597222234375 0.7700706484375 0.6032986109375 0.732819525 0.5963541671875 0.7353885671875 0.6545138890625
0 0.8400770718749999 0.6284722234375 0.83622350625 0.5494791671875 0.77199743125 0.5399305562500001 0.7713551703125 0.675347221875 0.766217084375 0.7317708328125 0.7739242125 0.816840278125 0.876685934375 0.824652778125 0.8644829796875 0.7708333328125 0.883750803125 0.745659721875 0.8824662812499999 0.6727430562500001 0.8400770718749999 0.6284722234375