0 0.0252081578125 0.3347034640625 0.117638071875 0.33176746874999996 0.10159651562500001 0.20649833593750003 0.1153464203125 0.094930515625 0.073332825 0.088079859375 0.061110687500000004 0.1301624578125 0.023680390625 0.1301624578125 0.0252081578125 0.3347034640625
0 0.1191658390625 0.33176746874999996 0.1619433203125 0.33176746874999996 0.15736001718749998 0.1937756890625 0.172637690625 0.0959091796875 0.1191658390625 0.09395185 0.10312428437500001 0.202583675 0.1191658390625 0.33176746874999996
0 0.162707203125 0.332746134375 0.2001375 0.3366607953125 0.203193034375 0.20649833593750003 0.2199984734375 0.0978665109375 0.17645710781249999 0.1008025046875 0.1581239015625 0.1937756890625 0.162707203125 0.332746134375
0 0.20242915 0.3366607953125 0.2429149796875 0.33959679062500003 0.24673439687499998 0.210412996875 0.2665953703125 0.098845175 0.22305400625 0.1017811703125 0.20472079999999998 0.20649833593750003 0.20242915 0.3366607953125
0 0.24444274687499998 0.33959679062500003 0.29867848124999996 0.3415541203125 0.2979145984375 0.21334899218749998 0.3193033390625 0.09395185 0.2673592546875 0.098845175 0.24749828125 0.20747700156249999 0.24444274687499998 0.33959679062500003
0 0.301734015625 0.342532784375 0.344511496875 0.34351145 0.350622565625 0.21726365312499998 0.3727751890625 0.0998238390625 0.32235887343749997 0.098845175 0.301734015625 0.20747700156249999 0.301734015625 0.342532784375
0 0.34756703125 0.34351145 0.3949278140625 0.344490115625 0.4002749984375 0.21726365312499998 0.416316553125 0.11058915625000001 0.375066840625 0.1037385015625 0.3521503328125 0.2162849875 0.34756703125 0.34351145
0 0.420135971875 0.10961049062499999 0.4002749984375 0.21237032656250002 0.3972194640625 0.3464474453125 0.485829959375 0.35329810156249997 0.4949965625 0.314151496875 0.5064548156249999 0.2945781953125 0.5125658843750001 0.1908396953125 0.48964937812500003 0.121354471875 0.420135971875 0.10961049062499999
0 0.2704147890625 0.49520454062499997 0.27652585625000003 0.4247406546875 0.248262165625 0.41984732812500003 0.25360934999999996 0.389508709375 0.0840271953125 0.38265805468749997 0.0802077765625 0.5382658046875 0.13291574374999998 0.5402231359375 0.1825681765625 0.508905853125 0.23985944531249997 0.5275004890625 0.2497899328125 0.54805245625 0.2551371171875 0.5695830890625 0.28110915937500003 0.57349775 0.287220228125 0.494225875 0.2704147890625 0.49520454062499997
0 0.2497899328125 0.54805245625 0.238331678125 0.5451164609375 0.23527614375 0.530436484375 0.1833320609375 0.5108631828125 0.1313879765625 0.5451164609375 0.0802077765625 0.5441377968750001 0.0824994265625 0.625367 0.111527003125 0.6459189671875001 0.1252769078125 0.683108240625 0.16958215625 0.6870229 0.17416545625 0.7085535328125 0.2459705140625 0.7134468593750001 0.24673439687499998 0.6899588953125 0.26201206875 0.6791935796875 0.262775953125 0.57349775 0.2497899328125 0.54805245625
0 0.4583301515625 0.43844196562500004 0.43006645781249997 0.40810334687500005 0.3842334421875 0.40418868750000003 0.3659002359375 0.4139753375 0.3154839203125 0.40027402656250005 0.3063173171875 0.448228615625 0.283400809375 0.44627128593750004 0.28416469375000003 0.5460951265625 0.35673363281250003 0.5206498328125 0.41937208750000005 0.5490311218749999 0.4270109234375 0.5597964375 0.4812466578125 0.5637110984375 0.48735772656250004 0.49031121562499996 0.45909403437499996 0.483460559375 0.4583301515625 0.43844196562500004
0 0.4751355890625 0.61851634375 0.483538309375 0.5686044234375001 0.43006645781249997 0.558817771875 0.35673363281250003 0.5216284984375 0.280345275 0.5500097859374999 0.2818730421875 0.6322176546875 0.2979145984375 0.647876296875 0.2979145984375 0.688001565625 0.35826140156249997 0.6958308875 0.3681918875 0.6703855937500001 0.4247192734375 0.6684282640625 0.44458024687500003 0.652769621875 0.44763578125 0.619495009375 0.46826063749999997 0.6292816609375 0.4751355890625 0.61851634375
0 0.17645710781249999 0.7976120578125 0.1902070125 0.8191426890625 0.2009013828125 0.949305146875 0.3368726609375 0.9502838125 0.3277060578125 0.7565081234375 0.332289359375 0.7095321984375 0.307845084375 0.7056175375 0.3063173171875 0.6958308875 0.26353983593749997 0.6919162265625001 0.2612481859375 0.7144255234375 0.2337483765625 0.71736151875 0.2314567265625 0.7496574671875 0.199373615625 0.7506361328125 0.17645710781249999 0.7976120578125
0 0.3414559625 0.9581131328125 0.41096936875 0.9522411421875001 0.41326101875 0.9130945390624999 0.467496753125 0.9111372093749999 0.46673287031250005 0.8299080046875 0.483538309375 0.791740065625 0.485829959375 0.7222548453125001 0.4293025734375 0.7105108625 0.4178443203125 0.68898023125 0.33534489375 0.694852221875 0.3277060578125 0.760422784375 0.3414559625 0.9581131328125
0 0.5843709421875001 0.93364650625 0.6997173640625001 0.932667840625 0.6897868765624999 0.7907614015625 0.6920785265625 0.7320414953125 0.5507600640625 0.7388921515625 0.551523946875 0.7868467406249999 0.5202047203125 0.7868467406249999 0.5293713234374999 0.8602466234374999 0.5522878312499999 0.8622039546875 0.5568711328125 0.8905852421875 0.580551525 0.8925425718750001 0.5843709421875001 0.93364650625
0 0.8104804828125 0.9267958500000001 0.8135360171875 0.8514386375 0.85936903125 0.8396946562500001 0.8532579625000001 0.7594441187500001 0.778397371875 0.7222548453125001 0.6958979453125 0.724212175 0.690550759375 0.7897827359375 0.700481246875 0.914073203125 0.7340921234375 0.9091798796875 0.7424948437500001 0.931689175 0.8104804828125 0.9267958500000001
0 0.6928424109375 0.6899588953125 0.6974257125000001 0.7202975140625 0.7226338703125 0.716382853125 0.7447864953125001 0.6909375609375 0.7745779546875 0.54805245625 0.69360629375 0.4981405375 0.6592315328125 0.508905853125 0.6011763796875 0.508905853125 0.594301428125 0.6087296921875 0.6049957984375001 0.6146016828125 0.6072874500000001 0.6684282640625 0.624856771875 0.723233509375 0.6477732796875 0.723233509375 0.6531204640625 0.6850655703124999 0.6928424109375 0.6899588953125
0 0.694370178125 0.5000978671875 0.769994653125 0.5392444703125 0.8005499953124999 0.4139753375 0.772286303125 0.3953807015625 0.679856390625 0.3797220578125 0.6111068671875 0.3767860640625 0.600412496875 0.5049911921875 0.694370178125 0.5000978671875
0 0.75471698125 0.7075748671875 0.9158964171875 0.77412409375 0.9548544812499999 0.6028577015625001 0.8288136890625 0.5333724796875 0.785272325 0.5314151500000001 0.75471698125 0.7075748671875
0 0.9128408828125 0.5744764140624999 0.92047971875 0.5549031125 0.950271178125 0.5637110984375 0.9701321515625001 0.4580152671875 0.8135360171875 0.403210021875 0.7890917421875 0.5284791546875 0.83263310625 0.530436484375 0.9128408828125 0.5744764140624999
0 0.8020777640625001 0.27206889843750004 0.81811931875 0.21237032656250002 0.790619509375 0.203562340625 0.788327859375 0.17126639375 0.68138415625 0.15267175625 0.6286761890625 0.1800743796875 0.6363150265625 0.2554315921875 0.6607592999999999 0.27011156718749996 0.6561759984375 0.36895674375 0.79367504375 0.39733803125 0.8020777640625001 0.27206889843750004
0 0.9594377812499999 0.2838128796875 0.938812925 0.2759835578125 0.9411045765624999 0.1967116859375 0.8280498046875 0.1839890390625 0.8043694140625 0.27011156718749996 0.8005499953124999 0.3777647296875 0.8417997093749999 0.386572715625 0.8570773812500001 0.41788999687499995 0.9342296234375 0.43942062968749995 0.9594377812499999 0.2838128796875