0 0.006809928125000001 0.0522284125 0.014376514062500002 0.21239554374999997 0.073395884375 0.210654596875 0.0718825671875 0.193245125 0.10820217968750001 0.19063370468750002 0.097608959375 0.025243732812500003 0.039346246875000004 0.0235027859375 0.0408595640625 0.05309888593749999 0.006809928125000001 0.0522284125
0 0.21489104062500003 0.2219707515625 0.20959443125 0.0452646234375 0.1831113796875 0.0452646234375 0.176301453125 0.01827994375 0.1021489109375 0.020891365624999998 0.1051755453125 0.07399025000000001 0.115768765625 0.076601671875 0.118038740625 0.191504178125 0.14527845 0.18976323125 0.14906174375 0.22719359374999998 0.21489104062500003 0.2219707515625
0 0.24288740937500003 0.020891365624999998 0.2383474578125 0.042653203125 0.21413438281250002 0.046135096874999997 0.226997578125 0.23415738125000002 0.285260290625 0.23502785468749998 0.285260290625 0.2002089140625 0.311743340625 0.193245125 0.311743340625 0.0226323125 0.24288740937500003 0.020891365624999998
0 0.6908292984375 0.228934540625 0.676452784375 0.020020890625000003 0.5841404359375 0.0235027859375 0.593976996875 0.235898328125 0.6908292984375 0.228934540625
0 0.6809927359375 0.02611420625 0.692342615625 0.202820334375 0.7929782078125001 0.2071727015625 0.7816283296875 0.028725626562500002 0.6809927359375 0.02611420625
0 0.8179479421875 0.1854108640625 0.8240012109375 0.22719359374999998 0.8989104109375001 0.2150069640625 0.8830205812499999 0.029596099999999997 0.7838983046875 0.0322075203125 0.795248184375 0.1871518109375 0.8179479421875 0.1854108640625
0 0.888317190625 0.028725626562500002 0.8958837765625001 0.22022980468750003 0.9821428578125 0.21674791093749998 0.9813861984375001 0.028725626562500002 0.888317190625 0.028725626562500002
0 0.035562954687499995 0.3508008359375 0.039346246875000004 0.44394150468750004 0.14981840156249998 0.4422005578125 0.142251815625 0.2855153203125 0.061289346875 0.2898676875 0.055236078125 0.3351323125 0.035562954687499995 0.3508008359375
0 0.142251815625 0.28464484687499997 0.1528450359375 0.430013928125 0.2867736078125 0.42566155937500005 0.285260290625 0.34035515312500003 0.24288740937500003 0.332520890625 0.2406174328125 0.2785515328125 0.142251815625 0.28464484687499997
0 0.15738498750000002 0.5144498609375 0.1528450359375 0.4378481890625 0.0075665859375 0.4526462390625 0.0075665859375 0.5196727015625 0.09306900781250001 0.511838440625 0.15738498750000002 0.5144498609375
0 0.16343825625 0.59888579375 0.16116828125 0.518802228125 0.0923123484375 0.5109679671875 0.0105932203125 0.523154596875 0.01588983125 0.604108634375 0.16343825625 0.59888579375
0 0.1588983046875 0.43610724218749997 0.16116828125 0.515320334375 0.293583534375 0.5066155984375 0.2928268765625 0.4378481890625 0.1588983046875 0.43610724218749997
0 0.16116828125 0.515320334375 0.164194915625 0.5962743734375 0.3026634375 0.585828690625 0.3003934625 0.5161908078125 0.16116828125 0.515320334375
0 0.0340496375 0.61020195 0.0378329296875 0.6815807796875 0.16722155 0.6728760453125 0.16343825625 0.597144846875 0.0340496375 0.61020195
0 0.0113498796875 0.6807103062500001 0.015133171875 0.7599233984375 0.1679782078125 0.7547005578125 0.16722155 0.6720055703125001 0.0113498796875 0.6807103062500001
0 0.164194915625 0.5997562671875001 0.1687348671875 0.6772284125 0.2958535109375 0.6685236765625 0.29434019375 0.5945334265625 0.164194915625 0.5997562671875001
0 0.170248184375 0.6772284125 0.1717615015625 0.7520891359374999 0.303420096875 0.7520891359374999 0.293583534375 0.6702646234375 0.170248184375 0.6772284125
0 0.0325363203125 0.768628134375 0.0340496375 0.8391364906250001 0.1649515734375 0.8339136484375 0.1619249390625 0.7564415046875 0.0325363203125 0.768628134375
0 0.0476694921875 0.8400069640625001 0.049939467187499996 0.9166086343750001 0.1793280875 0.9113857937500001 0.1717615015625 0.831302228125 0.0476694921875 0.8400069640625001
0 0.16343825625 0.7547005578125 0.1710048421875 0.835654596875 0.303420096875 0.8260793874999999 0.2950968515625 0.7564415046875 0.16343825625 0.7547005578125
0 0.1740314765625 0.8321727015624999 0.182354721875 0.9174791093750001 0.3041767546875 0.9157381609374999 0.3003934625 0.831302228125 0.1740314765625 0.8321727015624999
0 0.4993946734375 0.3821378828125 0.430538740625 0.3542827296875 0.3775726390625 0.3647284125 0.3745460046875 0.38300835625 0.35562954062499996 0.38649025 0.3594128328125 0.44916434531249994 0.43507869218749995 0.42914345468750004 0.48728813593750003 0.44045960937500006 0.48426150156250003 0.4117339828125 0.5024213078125 0.40999303593749997 0.4993946734375 0.3821378828125
0 0.4358353515625 0.43349582187499996 0.357899515625 0.45351671250000003 0.35638619843749997 0.4952994421875 0.3836259078125 0.4979108640625 0.38211259062499997 0.515320334375 0.4259987890625 0.505745125 0.4986380140625 0.5161908078125 0.4933414046875 0.44394150468750004 0.4358353515625 0.43349582187499996
0 0.4418886203125 0.5910515328125 0.4956113796875 0.600626740625 0.49258474531249996 0.548398328125 0.47366828125 0.526636490625 0.4237288140625 0.5222841218750001 0.3662227609375 0.5362116984374999 0.3684927359375 0.6128133703125 0.4418886203125 0.5910515328125
0 0.4434019375 0.5936629531250001 0.3684927359375 0.6162952640625 0.37151937031250004 0.6841922 0.41162227656250006 0.6833217265625 0.41767554531249995 0.6754874656250001 0.4388619859375 0.667653203125 0.4963680390625 0.6763579390625 0.49788135625 0.6093314765625 0.4434019375 0.5936629531250001
0 0.433565375 0.6807103062500001 0.3836259078125 0.693767409375 0.385139225 0.7129178265625 0.37303268749999996 0.7155292484375 0.3722760296875 0.7660167125 0.4471852296875 0.7512186625 0.5062046 0.7538300828125 0.50015133125 0.68854456875 0.433565375 0.6807103062500001
0 0.5062046 0.831302228125 0.5046912828125001 0.760793871875 0.44869854687500005 0.7529596093750001 0.37908595625 0.7651462390625 0.3594128328125 0.7703690812499999 0.36092615 0.8286908078125 0.39043583593750003 0.824338440625 0.3964891046875 0.8469707515625 0.4411319609375 0.8495821734375 0.43961864375 0.833043175 0.5062046 0.831302228125
0 0.640133171875 0.783426184375 0.6424031484375 0.749477715625 0.56068401875 0.7320682453125 0.5084745765625 0.749477715625 0.51225786875 0.8434888578124999 0.5387409203125 0.84435933125 0.5500907984375 0.8286908078125 0.551604115625 0.8286908078125 0.5690072640625 0.8208565453125001 0.6204600484375 0.82956128125 0.6204600484375 0.7912604453125 0.640133171875 0.783426184375
0 0.509231234375 0.697249303125 0.5115012109375 0.745995821875 0.561440678125 0.7303272984375 0.6454297828125 0.7433844015625 0.646186440625 0.6902855156250001 0.567493946875 0.6798398328124999 0.5236077484375 0.6807103062500001 0.509231234375 0.697249303125
0 0.5046912828125001 0.5980153203125 0.5069612593749999 0.645020890625 0.5243644062499999 0.67374651875 0.6197033890625 0.6720055703125001 0.6227300234375 0.6589484671875 0.6424031484375 0.649373259375 0.6363498796875 0.5884401109375 0.555387409375 0.5753830078125 0.5046912828125001 0.5980153203125
0 0.5546307500000001 0.5745125343749999 0.640133171875 0.5832172703125 0.64088983125 0.533600278125 0.56068401875 0.5196727015625 0.5039346250000001 0.5301183843749999 0.5054479421875 0.5962743734375 0.5546307500000001 0.5745125343749999
0 0.6340799031250001 0.42827298125 0.5440375296875 0.422179665625 0.4986380140625 0.436977715625 0.5046912828125001 0.5161908078125 0.6363498796875 0.51009749375 0.6340799031250001 0.42827298125
0 0.549334140625 0.41869777187499996 0.631809928125 0.42914345468750004 0.6340799031250001 0.3786559890625 0.555387409375 0.3560236765625 0.49788135625 0.3716922 0.4993946734375 0.4378481890625 0.549334140625 0.41869777187499996
0 0.851997578125 0.7599233984375 0.8406477000000001 0.6763579390625 0.777088378125 0.6667827296875 0.706719128125 0.6850626734375 0.7120157390624999 0.7616643453124999 0.851997578125 0.7599233984375
0 0.8414043578125 0.6014972140625 0.710502421875 0.61368384375 0.7097457625 0.6798398328124999 0.7778450359375 0.6667827296875 0.839891040625 0.66939415 0.8414043578125 0.6014972140625
0 0.7014225187500001 0.5292479109375 0.706719128125 0.5980153203125 0.8444309921875 0.5884401109375 0.8421610171875 0.5196727015625 0.7014225187500001 0.5292479109375
0 0.7014225187500001 0.52489554375 0.8444309921875 0.5222841218750001 0.842917675 0.4526462390625 0.6991525421875 0.45786908125 0.7014225187500001 0.52489554375
0 0.8444309921875 0.5240250703125 0.8467009687499999 0.5901810578125 0.9617130749999999 0.5910515328125 0.956416465625 0.523154596875 0.8444309921875 0.5240250703125
0 0.8467009687499999 0.66939415 0.8535108953125 0.759052925 0.9851694921874999 0.7564415046875 0.9844128328125 0.671135096875 0.8467009687499999 0.66939415
0 0.8451876515625001 0.6667827296875 0.980629540625 0.6667827296875 0.9836561749999999 0.5936629531250001 0.8444309921875 0.6014972140625 0.8451876515625001 0.6667827296875
0 0.845944309375 0.5257660171875 0.956416465625 0.5214136484375 0.9549031484375 0.451775765625 0.8451876515625001 0.4526462390625 0.845944309375 0.5257660171875
0 0.7581719125 0.45003481875 0.8973970937500001 0.44568245156249997 0.9011803875 0.41869777187499996 0.9329600484375 0.41347492968750005 0.9269067796874999 0.3351323125 0.882263921875 0.29770195 0.7332021796875 0.30118384374999996 0.7263922515625 0.33077994374999997 0.6900726390624999 0.3394846796875 0.6908292984375 0.3986768796875 0.75211864375 0.414345403125 0.7581719125 0.45003481875