0 0.210863325 0.316474415625 0.20644733906249998 0.24992605625 0.1832634140625 0.215912453125 0.125855596875 0.1966873703125 0.028703907812500002 0.28689736718750003 0.10929565000000001 0.41851523124999995 0.210863325 0.316474415625
0 0.2252152796875 0.3297840875 0.1236476046875 0.43774031406249997 0.16228748125 0.5028098203125 0.262751159375 0.3918958890625 0.2252152796875 0.3297840875
0 0.2616471625 0.3918958890625 0.1667034671875 0.505767525 0.1987193640625 0.56344276875 0.30249503125 0.454007690625 0.2616471625 0.3918958890625
0 0.30249503125 0.46288080468750004 0.20644733906249998 0.5723158828125 0.23735924062499997 0.6285122750000001 0.3411349078125 0.52499260625 0.30249503125 0.46288080468750004
0 0.34223890468749996 0.5294291624999999 0.23625524375 0.63294883125 0.2759991171875 0.7009760421875 0.37646279531250004 0.5841467015624999 0.34223890468749996 0.5294291624999999
0 0.3841907703125 0.5915409640625 0.2759991171875 0.703933746875 0.31022300625 0.7719609578125 0.42172665 0.6580893234375 0.3841907703125 0.5915409640625
0 0.42393464375 0.6625258796875 0.3080150140625 0.782312925 0.354382865625 0.8385093171875001 0.46257452031249996 0.720201125 0.42393464375 0.6625258796875
0 0.5111503640625 0.742383909375 0.398542725 0.8340727593749999 0.40185471406250006 0.9331558703124999 0.602782071875 0.9730848859375 0.6071980578125 0.8266784984375001 0.5111503640625 0.742383909375
0 0.55641421875 0.77048210625 0.643629940625 0.8666075125000001 0.7065577390625 0.7749186640625 0.610510046875 0.6950606328125 0.55641421875 0.77048210625
0 0.7120777203124999 0.7734398109375 0.7485096046875 0.715764565625 0.6524619125 0.627033421875 0.617134025 0.6876663703125 0.7120777203124999 0.7734398109375
0 0.6535659093749999 0.6255545687499999 0.7496136015625 0.7113280093750001 0.788253478125 0.6447796515625 0.69330978125 0.5516119500000001 0.6535659093749999 0.6255545687499999
0 0.7474056078125 0.4954155578125 0.6999337609375 0.5590062109375 0.78714948125 0.646258503125 0.8324133359375001 0.5649216218750001 0.7474056078125 0.4954155578125
0 0.7396776328125 0.48654244375 0.83020534375 0.5575273593750001 0.86884521875 0.505767525 0.7915654671875 0.414078675 0.7396776328125 0.48654244375
0 0.7915654671875 0.40668441250000004 0.86884521875 0.5028098203125 0.9096930890625 0.44069801875000003 0.8257893578125 0.35788228437499997 0.7915654671875 0.40668441250000004
0 0.8279973500000001 0.34900916875 0.915213071875 0.434782609375 0.9571649375 0.38154392187499997 0.8578052546875 0.30316474375 0.8279973500000001 0.34900916875
0 0.9494369624999999 0.3771073640625 0.9858688453125 0.316474415625 0.92183705 0.22478556562500002 0.8611172437500001 0.29872818749999996 0.9494369624999999 0.3771073640625
0 0.28703908125 0.30316474375 0.3996467203125 0.2883762203125 0.3841907703125 0.14196983125 0.278207109375 0.1611949125 0.28703908125 0.30316474375
0 0.3930227421875 0.13457556875 0.405166703125 0.28246081093750003 0.45595054062499996 0.2750665484375 0.4427025828125 0.1330967171875 0.3930227421875 0.13457556875
0 0.45153455468750003 0.12274475 0.45926252968750003 0.2735876953125 0.5199823359375 0.258799171875 0.508942371875 0.11387163593750001 0.45153455468750003 0.12274475
0 0.5155663500000001 0.10795622499999999 0.523294325 0.25732032031249996 0.5784941484375 0.24105294375000003 0.5641421953125 0.094646553125 0.5155663500000001 0.10795622499999999
0 0.5674541843750001 0.09168885 0.5773901515625 0.2380952375 0.6215500109375001 0.22478556562500002 0.617134025 0.0680272109375 0.5674541843750001 0.09168885
0 0.6226540078125 0.06506950624999999 0.6237580031250001 0.215912453125 0.6646058734375 0.21147589375 0.6657098687499999 0.0739426203125 0.6226540078125 0.06506950624999999
0 0.7076617359374999 0.05767524375000001 0.6657098687499999 0.2085181890625 0.7164937078125 0.24401064843750003 0.7739015234375 0.09612540625 0.7076617359374999 0.05767524375000001
0 0.7750055203125 0.1005619640625 0.726429675 0.24105294375000003 0.7827334953125 0.2676722875 0.8467652906250001 0.147885240625 0.7750055203125 0.1005619640625