0 0.1573926859375 0.10445845000000001 0.24324324375 0.09920634843750001 0.379968203125 0.10212418281249999 0.38155802968749997 0.033846871875000004 0.34340222656249997 0.026260504687500002 0.2082670921875 0.029178339062500003 0.15421303749999998 0.0443510734375 0.1573926859375 0.10445845000000001
0 0.16216216249999998 0.157563025 0.26709061875 0.1488095234375 0.379968203125 0.155812325 0.3831478546875 0.10679271718750001 0.273449921875 0.10154061562500001 0.1558028625 0.10620915156249999 0.16216216249999998 0.157563025
0 0.1637519859375 0.20950046718749998 0.2782193953125 0.20133053125 0.384737678125 0.20424836562499998 0.384737678125 0.1569794578125 0.273449921875 0.1499766578125 0.15421303749999998 0.15931372500000002 0.1637519859375 0.20950046718749998
0 0.1605723375 0.2643557421875 0.2829888703125 0.252100840625 0.384737678125 0.25852007499999996 0.386327503125 0.20891690000000002 0.279809221875 0.202497665625 0.1605723375 0.21008403437499998 0.1605723375 0.2643557421875
0 0.16534181406249998 0.31512605 0.290937996875 0.3046218484375 0.3879173296875 0.312208215625 0.3879173296875 0.261437909375 0.279809221875 0.25326797343749996 0.1605723375 0.266690009375 0.16534181406249998 0.31512605
0 0.1685214625 0.3688141921875 0.28139904531250004 0.3588935578125 0.3942766296875 0.363562090625 0.3926868046875 0.31512605 0.28616852187499997 0.3075396828125 0.16216216249999998 0.3174603171875 0.1685214625 0.3688141921875
0 0.1732909375 0.40207749843749996 0.28934817343749997 0.3915732953125 0.3926868046875 0.398576096875 0.3926868046875 0.36589635781249996 0.28139904531250004 0.361227825 0.16534181406249998 0.37114845937499996 0.1732909375 0.40207749843749996
0 0.42289348125000004 0.45109710468750003 0.551669315625 0.45459850625 0.5675675671875 0.4400093375 0.5993640703125 0.4382586375 0.6565977734375 0.44351073750000003 0.6518283 0.39799253125 0.57074721875 0.3909897296875 0.42289348125000004 0.3974089640625 0.42289348125000004 0.45109710468750003
0 0.5834658187499999 0.387488328125 0.6709062 0.396825396875 0.666136725 0.35014005625 0.542130365625 0.3390522875 0.41971383281249997 0.34838935625 0.43084260781249994 0.3944911296875 0.5834658187499999 0.387488328125
0 0.5453100156249999 0.3355508875 0.662957075 0.3448879546875 0.6677265515624999 0.29645191406250004 0.532591415625 0.286531278125 0.41653418125 0.3057889828125 0.41653418125 0.34722222187499996 0.5453100156249999 0.3355508875
0 0.535771065625 0.2841970125 0.6550079484375 0.2935340796875 0.662957075 0.244514471875 0.5310015890625001 0.2340102703125 0.41335452968749997 0.2579365078125 0.4260731328125 0.30170401562500004 0.535771065625 0.2841970125
0 0.529411765625 0.2316760046875 0.6502384734375 0.241013071875 0.653418125 0.193160596875 0.5214626375 0.1820728296875 0.41017488125 0.2071662 0.4181240046875 0.2567693734375 0.529411765625 0.2316760046875
0 0.523052465625 0.1791549953125 0.6550079484375 0.1908263296875 0.6613672484374999 0.1400560234375 0.529411765625 0.1278011203125 0.40858505625 0.152894490625 0.4117647046875 0.20541550000000003 0.523052465625 0.1791549953125
0 0.5341812406249999 0.125466853125 0.653418125 0.13597105625 0.653418125 0.08636788125 0.5198728140625 0.0746965453125 0.41971383281249997 0.094537815625 0.41971383281249997 0.147642390625 0.5341812406249999 0.125466853125
0 0.41335452968749997 0.09337068125 0.5214626375 0.072362278125 0.6550079484375 0.08461718124999999 0.6550079484375 0.0379318390625 0.6057233703125 0.025676937500000004 0.459459459375 0.026260504687500002 0.40858505625 0.03851540625 0.41335452968749997 0.09337068125
0 0.28457869687500004 0.5958216609375 0.3942766296875 0.6022408968749999 0.39586645468750004 0.575396825 0.303656596875 0.5602240890625 0.1796502375 0.5771475265625 0.1780604140625 0.6045751640625 0.28457869687500004 0.5958216609375
0 0.39586645468750004 0.603991596875 0.290937996875 0.5993230625 0.1764705890625 0.60866013125 0.1780604140625 0.6570961718749999 0.2877583453125 0.644257703125 0.3942766296875 0.651844071875 0.39586645468750004 0.603991596875
0 0.4006359296875 0.6559290390625 0.2941176453125 0.6471755359375 0.1796502375 0.6600140062500001 0.181240065625 0.70961718125 0.28934817343749997 0.699112978125 0.39745628125 0.7037815125 0.4006359296875 0.6559290390625
0 0.1764705890625 0.7621381890625 0.2957074734375 0.752217553125 0.40540540468749997 0.7551353875 0.40381558125000006 0.7072829125 0.297297296875 0.700863678125 0.1701112859375 0.70961718125 0.1764705890625 0.7621381890625
0 0.1796502375 0.8140756296875 0.2941176453125 0.8041549953124999 0.41335452968749997 0.8117413625 0.4117647046875 0.7586367875 0.297297296875 0.7545518203125 0.1764705890625 0.7650560234375 0.1796502375 0.8140756296875
0 0.1732909375 0.8671802046874999 0.298887121875 0.8566760046875 0.4117647046875 0.8613445375 0.40858505625 0.8123249296875 0.3004769484375 0.8053221296874999 0.1764705890625 0.816409896875 0.1732909375 0.8671802046874999
0 0.187599365625 0.9459617187499999 0.3068362484375 0.9348739500000001 0.41335452968749997 0.937791784375 0.41494435625000003 0.8654295046874999 0.3004769484375 0.8584267046875 0.1764705890625 0.8695144718750001 0.187599365625 0.9459617187499999
0 0.662957075 0.5100373484375 0.5818759953125 0.501283846875 0.535771065625 0.50595238125 0.5262321140624999 0.51528945 0.43561208437500004 0.515873015625 0.4387917328125 0.571895425 0.6565977734375 0.581816059375 0.662957075 0.5100373484375
0 0.6724960249999999 0.642507003125 0.666136725 0.5853174609375 0.44038155625000003 0.5713118578125 0.4324324328125 0.6290849671875 0.6724960249999999 0.642507003125
0 0.675675675 0.6967787109375 0.6788553265624999 0.642507003125 0.44197138437500005 0.631419234375 0.4387917328125 0.6810224093749999 0.675675675 0.6967787109375
0 0.6740858515625 0.7528011203125 0.6788553265624999 0.6985294109375 0.43561208437500004 0.6839402437500001 0.44038155625000003 0.7364612515625 0.6740858515625 0.7528011203125
0 0.688394275 0.7994864609375 0.6804451515625 0.7545518203125 0.43561208437500004 0.737628384375 0.43084260781249994 0.786064425 0.688394275 0.7994864609375
0 0.682034975 0.8520074687499999 0.6836248 0.8018207281249999 0.4387917328125 0.7883986921874999 0.44038155625000003 0.8391690015625001 0.682034975 0.8520074687499999
0 0.694753578125 0.9436274515624999 0.688394275 0.853174603125 0.4387917328125 0.8409197015625001 0.451510334375 0.9348739500000001 0.694753578125 0.9436274515624999