0 0.1878884234375 0.2474308296875 0.20017343593749998 0.0529644265625 0.19800549218750002 0.026086956249999998 0.11706894062499999 0.023715414062500002 0.12429541875000001 0.239525690625 0.1878884234375 0.2474308296875
0 0.2449775984375 0.03320158125 0.20161873125000002 0.026877470312500002 0.20089608281250002 0.090909090625 0.1886110703125 0.242687746875 0.2435323015625 0.2474308296875 0.25364937187500003 0.161264821875 0.2587079046875 0.113043478125 0.2449775984375 0.03320158125
0 0.2623211453125 0.11383399218750001 0.247145540625 0.24426877500000002 0.29628559062500004 0.24901185781250001 0.29845353281250003 0.1857707515625 0.29917618125 0.030039526562500002 0.249313484375 0.030039526562500002 0.2623211453125 0.11383399218750001
0 0.3497615265625 0.24980237187499998 0.3627691859375 0.044268774999999996 0.3006214765625 0.0339920953125 0.302066771875 0.192885375 0.2998988296875 0.2505928859375 0.3497615265625 0.24980237187499998
0 0.3627691859375 0.0403162046875 0.35482006093749996 0.2529644265625 0.4025148140625 0.2569169953125 0.41118658750000003 0.044268774999999996 0.3627691859375 0.0403162046875
0 0.414077178125 0.042687746875 0.40612805312500005 0.23162055312500002 0.4494869203125 0.23162055312500002 0.45671339843750003 0.04110671875 0.414077178125 0.042687746875
0 0.45815869375 0.0379446640625 0.448041625 0.2505928859375 0.5044081515625 0.2584980234375 0.508021390625 0.037154150000000004 0.45815869375 0.0379446640625
0 0.5094666859375 0.19683794375000002 0.508021390625 0.257707509375 0.560774678125 0.260869565625 0.56800115625 0.186561265625 0.5600520312499999 0.0403162046875 0.51091198125 0.0379446640625 0.5094666859375 0.19683794375000002
0 0.5716143953125 0.190513834375 0.5658332125000001 0.2600790515625 0.610637375 0.2656126484375 0.6193091484375 0.19446640312500002 0.6185865015625 0.045849803125 0.5622199734375 0.0403162046875 0.5716143953125 0.190513834375
0 0.6221997406249999 0.1952569171875 0.6149732625000001 0.26877470312499996 0.654718890625 0.26877470312499996 0.66989449375 0.20158102812499998 0.6662812546875 0.0466403171875 0.620031796875 0.044268774999999996 0.6221997406249999 0.1952569171875
0 0.677120971875 0.2007905140625 0.6597774249999999 0.264822134375 0.7154213031250001 0.26324110625 0.7233704296875 0.20158102812499998 0.7219251328125 0.0434782609375 0.6691718453125 0.0403162046875 0.677120971875 0.2007905140625
0 0.7985257984375 0.052173912499999996 0.724815725 0.0450592890625 0.72698366875 0.1778656125 0.72264778125 0.2237154140625 0.7652840015625 0.2561264828125 0.7696198875 0.21660079062499998 0.805029628125 0.183399209375 0.7985257984375 0.052173912499999996
0 0.8953606015625001 0.1288537546875 0.8960832484375001 0.06482213437499999 0.7985257984375 0.0600790515625 0.8064749250000001 0.1849802375 0.7710651828125 0.21660079062499998 0.770342534375 0.257707509375 0.8267090625 0.257707509375 0.8780170546875 0.23241106718750001 0.8874114750000001 0.22055335937499998 0.86934528125 0.175494071875 0.86934528125 0.13675889375 0.8953606015625001 0.1288537546875
0 0.6496603546874999 0.9557312250000001 0.770342534375 0.9383399203125 0.7146986562500001 0.6308300390625 0.6662812546875 0.6379446640624999 0.6633906640625 0.66324110625 0.6185865015625 0.6735177875 0.6308715140625 0.7288537546875 0.6214770921875 0.7430830046875 0.62509033125 0.78181818125 0.610637375 0.794466403125 0.617863853125 0.894861659375 0.64098858125 0.8932806328125 0.6496603546874999 0.9557312250000001
0 0.62075444375 0.66324110625 0.40179216562500003 0.6229249015625 0.3540974125 0.9169960484375 0.5766729296875 0.9841897234375001 0.62075444375 0.66324110625
0 0.07732331249999999 0.8529644265625 0.3273594453125 0.9106719359375001 0.35337476562500003 0.690909090625 0.1098424625 0.6434782609374999 0.07732331249999999 0.8529644265625
0 0.1300766015625 0.45454545468749996 0.121404828125 0.5581027671875 0.2623211453125 0.5715415015625 0.2652117359375 0.46719367500000003 0.25364937187500003 0.342292490625 0.121404828125 0.3335968375 0.1300766015625 0.45454545468749996
0 0.268824975 0.46007905156250006 0.2652117359375 0.5731225296875 0.36421448125 0.5778656125 0.37649949375 0.46324110625000003 0.35482006093749996 0.3525691703125 0.25798525781250004 0.3415019765625 0.268824975 0.46007905156250006
0 0.379390084375 0.47035573125 0.36638242499999996 0.5770750984374999 0.46972105781250006 0.5857707515625 0.477670184375 0.4656126484375 0.45093221562499997 0.3525691703125 0.35771065156250004 0.35177865625 0.379390084375 0.47035573125
0 0.47044370625000004 0.5857707515625 0.5745049859375 0.5881422921875 0.581008815625 0.4711462453125 0.5593293828125 0.35177865625 0.45165486250000003 0.35177865625 0.4827287171875 0.46956521718750005 0.47044370625000004 0.5857707515625
0 0.5867899984375 0.47035573125 0.5766729296875 0.5881422921875 0.6785662671875 0.5897233203125001 0.68217950625 0.46086956562500003 0.675675675 0.35177865625 0.5571614390625 0.3478260875 0.5867899984375 0.47035573125
0 0.6886833359375 0.4711462453125 0.682902153125 0.579446640625 0.7566122281250001 0.5826086953125 0.7660066484375 0.46956521718750005 0.7486631015625 0.354150196875 0.6785662671875 0.354150196875 0.6886833359375 0.4711462453125
0 0.7696198875 0.47588932812499996 0.7595028171875 0.5857707515625 0.8418846656250001 0.5762845859375 0.8483884953124999 0.43320158124999997 0.805029628125 0.375494071875 0.75516693125 0.37233201562499996 0.7696198875 0.47588932812499996