0 0.45271867656250003 0.1477272734375 0.46808510625000005 0.090151515625 0.291962175 0.08939393906250001 0.2907801421875 0.1106060609375 0.14302600468749999 0.10606060625 0.1477541375 0.22045454531250003 0.40425531875000004 0.2234848484375 0.41843971562500004 0.14393939375 0.45271867656250003 0.1477272734375
0 0.494089834375 0.33257575781250004 0.494089834375 0.2234848484375 0.150118203125 0.221969696875 0.1477541375 0.33030302968749997 0.494089834375 0.33257575781250004
0 0.1288416078125 0.3553030296875 0.1347517734375 0.459848484375 0.48345153593749995 0.465151515625 0.4846335703125 0.33181818125 0.30023640625 0.32954545468749996 0.2931442078125 0.346212121875 0.1288416078125 0.3553030296875
0 0.43026004687499997 0.5674242421875 0.421985815625 0.48257575781249995 0.13593380625 0.4734848484375 0.1312056734375 0.5772727265625 0.43026004687499997 0.5674242421875
0 0.0851063828125 0.6113636359375 0.0851063828125 0.6795454546874999 0.47281323906250006 0.684848484375 0.47281323906250006 0.58181818125 0.1690307328125 0.58181818125 0.1631205671875 0.6075757578125 0.0851063828125 0.6113636359375
0 0.40661938593749997 0.809848484375 0.4267139484375 0.6856060609375 0.07210401875 0.6818181812499999 0.07683215156249999 0.8015151515625 0.40661938593749997 0.809848484375
0 0.133569740625 0.8689393937500001 0.13593380625 0.928030303125 0.2813238765625 0.9363636359375 0.2907801421875 0.809848484375 0.09574468124999999 0.8075757578125 0.0969267140625 0.85 0.133569740625 0.8689393937500001
0 0.2907801421875 0.940909090625 0.47517730468749997 0.9477272734375 0.4869976359375 0.8015151515625 0.41489361718750006 0.8007575750000001 0.3971631203125 0.8113636359375 0.289598109375 0.8113636359375 0.2907801421875 0.940909090625
0 0.5732860515625 0.124242425 0.5661938531249999 0.221212121875 0.861702128125 0.2227272734375 0.8652482265625 0.121969696875 0.5732860515625 0.124242425
0 0.84042553125 0.34393939375000004 0.838061465625 0.2371212125 0.49763593437500003 0.2272727265625 0.4893617015625 0.33106060625 0.84042553125 0.34393939375000004
0 0.4964539 0.359848484375 0.494089834375 0.45530302968749997 0.8274231671875001 0.46287878750000006 0.8203309687499999 0.3886363640625 0.7612293140624999 0.384848484375 0.6950354609375 0.359848484375 0.4964539 0.359848484375
0 0.8179669031250001 0.5704545453125001 0.8167848703124999 0.465909090625 0.59574468125 0.45530302968749997 0.589834515625 0.5583333328125 0.8179669031250001 0.5704545453125001
0 0.5910165484375 0.696969696875 0.6394799046874999 0.7098484843749999 0.8156028375 0.7128787875 0.8156028375 0.5833333328125 0.58392435 0.5734848484375 0.5685579203125 0.6734848484375 0.5910165484375 0.696969696875
0 0.8132387703124999 0.8196969703124999 0.8120567375000001 0.71893939375 0.5354609921875 0.7159090906250001 0.522458628125 0.81818181875 0.8132387703124999 0.8196969703124999
0 0.722222221875 0.8212121218749999 0.48226950312500005 0.821969696875 0.46808510625000005 0.9628787875 0.7033096921875 0.9674242421875 0.710401890625 0.9553030296875 0.7789598109375 0.9537878781250001 0.8014184390624999 0.8833333328125 0.8959810875 0.8893939390625001 0.88416075625 0.8287878781250001 0.722222221875 0.8212121218749999