0 0.1621194140625 0.175752159375 0.159153815625 0.1385165328125 0.1690391453125 0.10128090625 0.17101621250000001 0.06553470312500001 0.09984183437500001 0.0431933265625 0.0860023734375 0 0.0237247921875 0.016383675 0.010873862500000001 0.05957700312500001 0.012850928125 0.16979445937499998 0.0187821265625 0.20405123593750002 0.012850928125 0.3083109921875 0.0860023734375 0.29937444062499996 0.095887703125 0.35746202031249996 0.13740608906250001 0.388739946875 0.1472914203125 0.34107834375 0.14630288593750002 0.22341376249999997 0.1621194140625 0.175752159375
0 0.7404112296875 0.618111409375 0.7404112296875 0.7998212687499999 0.805654409375 0.80726839375 0.8590351921874999 0.7968424187500001 0.8590351921874999 0.750670240625 0.889679715625 0.738754840625 0.8926453140625 0.5868334828124999 0.7671016203125001 0.5913017578125 0.7404112296875 0.618111409375
0 0.77303281875 0.5913017578125 0.865954921875 0.58236520625 0.865954921875 0.390229371875 0.8036773421875001 0.4110813234375 0.6909845796874999 0.403634196875 0.67516805 0.443848675 0.6830763156249999 0.48853142656250004 0.6939501781249999 0.49746797656249997 0.6939501781249999 0.5898123328125 0.70976670625 0.5927911828125 0.7107552390625 0.622579684375 0.755239225 0.619600834375 0.77303281875 0.5913017578125
0 0.952945828125 0.20554066093749998 0.9776591546875 0.1995829609375 0.9885330171875 0.12064343125000002 0.97172795625 0.062555853125 0.865954921875 0.0223413765625 0.8471727953125001 0.2904378921875 0.9302095687499999 0.3112898421875 0.952945828125 0.20554066093749998
0 0.7404112296875 0.33512064375 0.746342428125 0.1846887109375 0.7216291015625 0.10425975624999999 0.6395808625 0.0908549296875 0.627718465625 0.3246946671875 0.7404112296875 0.33512064375
0 0.7512850921875 0.0863866546875 0.7700672203125001 0.16979445937499998 0.7493080265625001 0.1995829609375 0.7433768296875 0.293416740625 0.8471727953125001 0.3127792671875 0.86397785625 0.020851951562500002 0.7888493484375 0.0104259765625 0.7512850921875 0.0863866546875
0 0.5486358250000001 0.9219541265625001 0.5644523515625 0.9428060765625 0.659351521875 0.9532320515625001 0.66824831875 0.737265415625 0.606959271875 0.740244265625 0.48042704687500004 0.7119451890625 0.37366547968749997 0.7059874890625 0.36476868281249997 0.8698242484375 0.43001186249999995 0.8817396484375 0.431988928125 0.9904676796875 0.4784499796875 0.9859994046875 0.49822064062500004 0.9189752765625 0.5486358250000001 0.9219541265625001
0 0.609924871875 0.735775990625 0.66824831875 0.7342865656249999 0.66824831875 0.6613047359374999 0.6119019375 0.6076854328125 0.4784499796875 0.6076854328125 0.4784499796875 0.7089663390625 0.609924871875 0.735775990625
0 0.48734677812499994 0.6106642843750001 0.623764334375 0.6106642843750001 0.6267299328125 0.58236520625 0.6474891265625 0.56002383125 0.6455120609375 0.47810545156249995 0.627718465625 0.4676794765625 0.6257414 0.40810247187500004 0.49525504218750005 0.382782246875 0.48734677812499994 0.6106642843750001
0 0.39837880625 0.4274649984375 0.4033214703125 0.524277628125 0.39837880625 0.627047959375 0.4794385140625 0.627047959375 0.48932384375 0.5361930296875 0.49426650937499994 0.42895442343749995 0.39837880625 0.4274649984375
0 0.37069988125000003 0.5257670531249999 0.36378015 0.6642835875 0.396401740625 0.6702412875 0.40233293750000004 0.5257670531249999 0.3993673390625 0.4185284484375 0.3697113484375 0.4140601734375 0.37069988125000003 0.5257670531249999
0 0.36872281562500003 0.504915103125 0.37366547968749997 0.3068215671875 0.3192961640625 0.3038427171875 0.3143534984375 0.277033065625 0.2629497828125 0.277033065625 0.26690391406249997 0.509383378125 0.25504151875000003 0.6687518625 0.35686041875 0.6836461125 0.36872281562500003 0.504915103125
0 0.26393831562500003 0.522788203125 0.2629497828125 0.38725052187500003 0.24021352343750002 0.382782246875 0.2352708578125 0.35001489375 0.186832740625 0.3604408703125 0.1967180703125 0.5168305046875 0.184855675 0.6091748578125 0.250098853125 0.6047065828125 0.26393831562500003 0.522788203125
0 0.22736259374999998 0.2695859390625 0.3084223015625 0.2695859390625 0.313364965625 0.1876675609375 0.2214313953125 0.172773309375 0.22736259374999998 0.2695859390625
0 0.4102412015625 0.2159666375 0.3993673390625 0.3261840921875 0.45077105624999997 0.43640154999999997 0.49525504218750005 0.4319332734375 0.51107156875 0.390229371875 0.5170027671875 0.2159666375 0.50316330625 0.07298182812500001 0.393436140625 0.0908549296875 0.4102412015625 0.2159666375
0 0.5604982203125 0.21894548593750002 0.5535784890625 0.1995829609375 0.518979834375 0.1995829609375 0.5100830359375 0.396187071875 0.5703835500000001 0.403634196875 0.6247528671875 0.399165921875 0.630684065625 0.2308608875 0.5842230140625 0.2323503125 0.5604982203125 0.21894548593750002
0 0.589165678125 0.1325588328125 0.6356267296875 0.1310694078125 0.6494661921875 0.0417039015625 0.5170027671875 0.019362525 0.5120601031249999 0.09234435468749999 0.554567021875 0.11170688124999999 0.589165678125 0.1325588328125
0 0.5100830359375 0.2070300859375 0.585211546875 0.2338397375 0.62969553125 0.2353291640625 0.637603796875 0.1370271078125 0.5911427437500001 0.1370271078125 0.5071174375 0.09979147968749999 0.5100830359375 0.2070300859375