0 0.2081437671875 0.369024321875 0.2183803453125 0.1425775796875 0.1251137390625 0.1299972046875 0.1103275703125 0.36203522499999996 0.2081437671875 0.369024321875
0 0.3150591453125 0.37880905781249996 0.332120109375 0.12021246875 0.220655140625 0.11462119062500001 0.214968153125 0.3648308640625 0.3150591453125 0.37880905781249996
0 0.420837125 0.39558289062499996 0.4378980890625 0.125803746875 0.33553230156249997 0.11462119062500001 0.323020928125 0.381604696875 0.420837125 0.39558289062499996
0 0.5072793453125 0.394185071875 0.53230209375 0.141179759375 0.4424476796875 0.1244059265625 0.425386715625 0.3844003359375 0.5072793453125 0.394185071875
0 0.605095540625 0.4025719875 0.613057325 0.1719317859375 0.5357142859375 0.16074923125 0.5175159234375 0.3913894328125 0.605095540625 0.4025719875
0 0.7051865328125 0.4249370984375 0.7199727015625 0.1859099796875 0.6153321203125001 0.1593514125 0.6119199281250001 0.4039698078125 0.7051865328125 0.4249370984375
0 0.8064149234375 0.42913055624999996 0.8212010921875 0.2068772703125 0.7211101 0.181716521875 0.7074613281250001 0.406765446875 0.8064149234375 0.42913055624999996
0 0.8917197453125001 0.434721834375 0.9030937218749999 0.21945764531249998 0.8177888984375 0.19569471562500002 0.8075523203125 0.420743640625 0.8917197453125001 0.434721834375
0 0.9758871703124999 0.44590438906249996 0.9906733390625 0.2432205765625 0.9099181078124999 0.220855465625 0.8962693359375 0.434721834375 0.9758871703124999 0.44590438906249996
0 0.12170154687500001 0.47665641562500005 0.12170154687500001 0.7450377406250001 0.22747952656249998 0.7534246578125 0.24226569531250003 0.49482806874999996 0.12170154687500001 0.47665641562500005
0 0.34235668750000003 0.7520268390625 0.3582802546875 0.49622588749999996 0.25022747968750003 0.489236790625 0.23544131093749998 0.7408442828124999 0.34235668750000003 0.7520268390625
0 0.45154686093749996 0.7520268390625 0.46519563281250004 0.501817165625 0.3628298453125 0.487838971875 0.34690627812499997 0.743639921875 0.45154686093749996 0.7520268390625
0 0.55277525 0.736650825 0.5561874437500001 0.5241822765624999 0.46747042812500006 0.515795359375 0.45837124687499997 0.743639921875 0.55277525 0.736650825
0 0.38785259375000003 0.8806262234375 0.5777979984375 0.9071847921874999 0.5823475890625 0.73804864375 0.46405823437500004 0.7548224765625 0.3776160140625 0.7646072125 0.38785259375000003 0.8806262234375
0 0.7870791625 0.7771875875 0.804140128125 0.5465473859375 0.6676524109375 0.5269779156250001 0.6483166515625001 0.7548224765625 0.7870791625 0.7771875875
0 0.69722475 0.944925915625 0.7882165609375 0.9547106515625 0.7939035484375 0.7771875875 0.6528662421875 0.7604137546875 0.644904459375 0.877830584375 0.69722475 0.944925915625
0 0.8837579625 0.9672910265624999 0.8951319375000001 0.7743919484374999 0.800727934375 0.7618115750000001 0.800727934375 0.9463237343750001 0.8837579625 0.9672910265624999
0 0.9792993624999999 0.9742801234374999 0.9849863515624999 0.7785854078125001 0.8951319375000001 0.7715963109375 0.8826205640625 0.957506290625 0.9792993624999999 0.9742801234374999
0 0.9804367609375 0.5745037734375 0.9110555046875 0.5563321218749999 0.8962693359375 0.7660050328125 0.9804367609375 0.7785854078125001 0.9804367609375 0.5745037734375
0 0.8996815281250001 0.5521386640625 0.80868971875 0.5451495671875 0.8030027296875 0.75062901875 0.8928571421875 0.7674028515625 0.8996815281250001 0.5521386640625