0 0.031180709374999997 0.16976998906250002 0.030487804687499998 0.2769519640625 0.2882483375 0.283993115625 0.289634146875 0.0977937734375 0.1621396890625 0.0977937734375 0.096313746875 0.1283054296875 0.031180709374999997 0.16976998906250002
0 0.0685975609375 0.3567516828125 0.06651884687500001 0.3997809421875 0.1559035484375 0.3825692390625 0.2016352546875 0.3849162890625 0.286862528125 0.389610390625 0.2889412421875 0.288687215625 0.0277161859375 0.28321076562499997 0.0291019953125 0.365357534375 0.0685975609375 0.3567516828125
0 0.0429600890625 0.40838679375 0.030487804687499998 0.530433421875 0.2681541015625 0.5194805203125 0.26884700625 0.39743389218749997 0.1787694015625 0.3825692390625 0.15105321562500001 0.3849162890625 0.0429600890625 0.40838679375
0 0.1448170734375 0.664997653125 0.2847838140625 0.6587388515625 0.2820121953125 0.5218275703125 0.0658259421875 0.5343451734375 0.06651884687500001 0.666562353125 0.1448170734375 0.664997653125
0 0.1489745 0.722109215625 0.22796563124999997 0.7260209671875 0.23073725 0.7064622125 0.262610865625 0.7064622125 0.2639966734375 0.662650603125 0.040881375 0.664215303125 0.045038803125 0.7385385703125 0.1489745 0.722109215625
0 0.044345898437499996 0.805820684375 0.14966740625 0.7972148328124999 0.2937915734375 0.802691284375 0.2965631921875 0.73384446875 0.152439025 0.722891565625 0.0415742796875 0.7408856203124999 0.044345898437499996 0.805820684375
0 0.0727549890625 0.8738851500000001 0.14966740625 0.8511969953125 0.294484478125 0.8629322484375 0.2951773828125 0.803473634375 0.1448170734375 0.799561884375 0.0699833703125 0.8105147859375 0.0727549890625 0.8738851500000001
0 0.06790465625 0.9599436703125 0.2937915734375 0.9513378187500001 0.2958702875 0.8699733999999999 0.1503603109375 0.853544046875 0.06651884687500001 0.8754498515625 0.06790465625 0.9599436703125
0 0.5674889140625 0.773744328125 0.3963414640625 0.78704428125 0.313885809375 0.805820684375 0.3118070953125 0.9521201687499999 0.4039634140625 0.9294320140625001 0.57026053125 0.938037865625 0.5674889140625 0.773744328125
0 0.3880266078125 0.78547958125 0.524528825 0.7760913781250001 0.524528825 0.720544515625 0.38594789375 0.7158504140625 0.3131929046875 0.73306211875 0.31527161875 0.803473634375 0.3880266078125 0.78547958125
0 0.5238359203125 0.7174151156249999 0.5238359203125 0.668909403125 0.49958425625 0.668909403125 0.49958425625 0.6485683 0.3949556546875 0.65091535 0.3125 0.6728211546875 0.3131929046875 0.7291503671874999 0.3963414640625 0.7142857140625 0.5238359203125 0.7174151156249999
0 0.5224501109374999 0.579721484375 0.3928769390625 0.5765920828125 0.31596452343750003 0.5891096859375 0.3125 0.6696917531250001 0.3928769390625 0.64778595 0.5196784921875001 0.64778595 0.5224501109374999 0.579721484375
0 0.5182926828125 0.5617274296875 0.496119734375 0.5546862781249999 0.496119734375 0.52104521875 0.39356984375000004 0.51713346875 0.31527161875 0.531998121875 0.3131929046875 0.5844155843750001 0.3998059875 0.57189798125 0.5155210640625 0.5781567828124999 0.5182926828125 0.5617274296875
0 0.5577882484375001 0.45532780468749995 0.3963414640625 0.4388984515625 0.31942904687499996 0.46236895625 0.3201219515625 0.5257393203125 0.39842017812499997 0.5124393671874999 0.5550166296875 0.5202628703125 0.5577882484375001 0.45532780468749995
0 0.561252771875 0.416992646875 0.5127494453125 0.41777499531249995 0.5106707312500001 0.391175090625 0.39842017812499997 0.3794398375 0.3180432375 0.39195743906249997 0.31942904687499996 0.46002190625 0.3998059875 0.43420435 0.564024390625 0.45611015468750005 0.561252771875 0.416992646875
0 0.5536308203125 0.327022375 0.3928769390625 0.313722421875 0.30903547656249997 0.326240025 0.311114190625 0.394304490625 0.3928769390625 0.3817868875 0.5543237249999999 0.38882803906249996 0.5536308203125 0.327022375
0 0.496119734375 0.24174620624999998 0.3866407984375 0.2370521046875 0.3125 0.25817555937500003 0.31596452343750003 0.326240025 0.3963414640625 0.311375371875 0.5002771609375001 0.312940071875 0.496119734375 0.24174620624999998
0 0.5792682921875 0.27382256250000003 0.5792682921875 0.1635111875 0.3928769390625 0.1627288375 0.3658536578125 0.1588170875 0.3630820390625 0.122828978125 0.31527161875 0.13456423125 0.31527161875 0.259740259375 0.39426275 0.231575653125 0.48295454531250004 0.2386168046875 0.5792682921875 0.27382256250000003
0 0.74695121875 0.7573149734375 0.7310144125 0.7776560796875 0.7019124171875 0.8199029890625 0.6783536578125 0.8543263968750001 0.6728104218750001 0.9020497578125 0.699833703125 0.9012674078125 0.69290465625 0.994367078125 0.9652161859374999 0.9677671734375 0.9485864749999999 0.84180879375 0.914634146875 0.829291190625 0.9090909093749999 0.73697386875 0.74695121875 0.7573149734375
0 0.8176274953125 0.7510561734375 0.8869179609375 0.7393209203125 0.9326496671875001 0.7260209671875 0.93472838125 0.62588014375 0.9582871390625 0.6071037390625 0.9617516625 0.5460804265625 0.944429046875 0.5226099203125 0.9000831484375 0.4967923640625 0.7365576500000001 0.5069629171875001 0.699833703125 0.6047566890625 0.73378603125 0.722109215625 0.8176274953125 0.7510561734375
0 0.91047671875 0.27616961406249996 0.7400221734375 0.29807541875 0.7434866953125 0.4881865125 0.91047671875 0.479580659375 0.91047671875 0.27616961406249996
0 0.7178492234375 0.0492880609375 0.7233924609375 0.24644030625000002 0.9284922390625001 0.2339227046875 0.9250277171875 0.0352057578125 0.7178492234375 0.0492880609375