0 0.3926146015625 0.8102766796875001 0.42161856249999996 0.8135704875 0.4506225234375 0.8028656125 0.44708545624999996 0.769104084375 0.423740803125 0.6834650859375 0.43505942343750004 0.620882740625 0.37351443125 0.6200592890625 0.3593661578125 0.6916996046875 0.3926146015625 0.8102766796875001
0 0.42586304531249997 0.6826416328125 0.45345217968749996 0.806982871875 0.4760894171875 0.8160408421875 0.4944821734375 0.80533596875 0.4704301078125 0.6900527000000001 0.47821165781249997 0.618412384375 0.4378890765625 0.6167654812500001 0.42586304531249997 0.6826416328125
0 0.474674590625 0.6851119890625 0.4958970015625 0.809453228125 0.5404640640625 0.8036890640625 0.515704584375 0.6834650859375 0.5227787203125 0.618412384375 0.48104131250000004 0.6175889328124999 0.474674590625 0.6851119890625
0 0.5185342390625001 0.6851119890625 0.54400113125 0.808629775 0.578664403125 0.8078063234374999 0.5553197515625 0.6834650859375 0.5666383703125 0.6167654812500001 0.5234861343749999 0.618412384375 0.5185342390625001 0.6851119890625
0 0.5574419921875 0.6859354421875 0.582201471875 0.806982871875 0.630305603125 0.8028656125 0.5998868140625 0.6785243750000001 0.6140350875 0.614295125 0.5701754390625 0.6134716734375 0.5574419921875 0.6859354421875
0 0.60271646875 0.6809947296875001 0.630305603125 0.80533596875 0.6685059421874999 0.7995718046875 0.64303905 0.6785243750000001 0.65435766875 0.6134716734375 0.6126202609375 0.612648221875 0.60271646875 0.6809947296875001
0 0.64657611875 0.6834650859375 0.6720430109375 0.8028656125 0.7123655921875 0.7979249015625001 0.688313525 0.677700921875 0.6996321453125 0.6151185765625 0.656479909375 0.612648221875 0.64657611875 0.6834650859375
0 0.689728353125 0.6826416328125 0.711658178125 0.8061594203125001 0.7576400671875 0.8012187078125 0.733588003125 0.67605401875 0.744906621875 0.6085309609375 0.7017543859375001 0.6110013171875 0.689728353125 0.6826416328125
0 0.7385398984375 0.675230565625 0.759762309375 0.8045125171875 0.7993774765625 0.79710145 0.78027730625 0.6793478265624999 0.7908885125 0.6052371546875001 0.749151103125 0.6068840578125 0.7385398984375 0.675230565625
0 0.7816921328124999 0.6793478265624999 0.8014997171875 0.8020421609374999 0.84748160625 0.7995718046875 0.8241369546874999 0.67605401875 0.8361629875000001 0.610177865625 0.793010753125 0.6068840578125 0.7816921328124999 0.6793478265624999
0 0.8290888515624999 0.6785243750000001 0.8481890218749999 0.8028656125 0.889926428125 0.7987483531249999 0.8694114328125 0.6744071140625 0.8814374640624999 0.6085309609375 0.8404074703125 0.6077075093750001 0.8290888515624999 0.6785243750000001
0 0.8743633281250001 0.675230565625 0.8941709109374999 0.7979249015625001 0.9387379734374999 0.7954545453125 0.9472269375 0.7641633718749999 0.9267119421875 0.6809947296875001 0.933786078125 0.612648221875 0.885681946875 0.6077075093750001 0.8743633281250001 0.675230565625
0 0.4796264859375 0.3722002640625 0.4336445953125 0.36725955312499997 0.42444821718750003 0.39772727343750003 0.3926146015625 0.40760869531250005 0.38837011875 0.4479578390625 0.382710809375 0.5393610015625 0.3395585734375 0.548418971875 0.3395585734375 0.6068840578125 0.4704301078125 0.601943346875 0.452744765625 0.5163043484375 0.46547821093749997 0.4372529640625 0.4796264859375 0.3722002640625
0 0.4760894171875 0.40019762812500004 0.45486700625000004 0.5171278 0.473967175 0.6027667984375 0.516411996875 0.6002964421875 0.4944821734375 0.51465744375 0.5100452734375 0.4454874828125 0.508630446875 0.4018445328125 0.4760894171875 0.40019762812500004
0 0.5121675156250001 0.40102107968749995 0.5107526890625 0.44713438749999995 0.49801924218750004 0.5121870875 0.5227787203125 0.6052371546875001 0.5623938875000001 0.604413703125 0.54400113125 0.510540184375 0.556734578125 0.4257246375 0.556734578125 0.39937417656249996 0.5121675156250001 0.40102107968749995
0 0.5475382 0.510540184375 0.5652235421875 0.6068840578125 0.6112054328125 0.6052371546875001 0.5878607812500001 0.5138339921874999 0.60271646875 0.4224308296875 0.5595642328125 0.40678524375 0.5475382 0.510540184375
0 0.5921052625 0.5072463765624999 0.6097906046875 0.6052371546875001 0.66143180625 0.60606060625 0.63242784375 0.5080698296875 0.64657611875 0.410902503125 0.604131296875 0.41501976249999994 0.5921052625 0.5072463765624999
0 0.6373797390625 0.5072463765624999 0.6649688734375 0.610177865625 0.7088285234375 0.6068840578125 0.6812393890624999 0.4990118578125 0.686191284375 0.41419631093750003 0.64728353125 0.41172595625 0.6373797390625 0.5072463765624999
0 0.6968024890625 0.41749011874999997 0.69114318125 0.41749011874999997 0.6868986984375 0.5047760203125 0.7130730046875 0.601943346875 0.76188455 0.5978260875 0.7314657609374999 0.5031291171875 0.7350028296875 0.39608036874999997 0.6975099046875 0.39937417656249996 0.6968024890625 0.41749011874999997
0 0.7364176578125 0.5113636359375 0.7647142046875001 0.601943346875 0.8163554046874999 0.604413703125 0.793010753125 0.5014822140625 0.7859366156250001 0.398550725 0.7385398984375 0.3927865609375 0.7364176578125 0.5113636359375
0 0.7887662703125 0.42325428125000003 0.8007923031249999 0.50889328125 0.8227221281249999 0.599472990625 0.892756084375 0.5961791828125 0.870826259375 0.5368906453125 0.8658743640625 0.49489459843750006 0.8750707406249999 0.4207839265625 0.7887662703125 0.42325428125000003
0 0.24193548437499998 0.71969696875 0.2589134125 0.6637022406249999 0.17826825156249998 0.6365283265625 0.10823429531249999 0.6151185765625 0.0290039625 0.5937088265625 0.0155631015625 0.64888010625 0.24193548437499998 0.71969696875
0 0.26598755 0.6052371546875001 0.0509337859375 0.5344202890624999 0.033955857812500004 0.592885375 0.2582059984375 0.658761528125 0.26598755 0.6052371546875001
0 0.22778720937500002 0.5772397890625001 0.268109790625 0.5838274046875 0.272354271875 0.5541831359375 0.10752688125000001 0.502305665625 0.0990379171875 0.54677206875 0.22354272812499998 0.592885375 0.22778720937500002 0.5772397890625001
0 0.27093944531249997 0.5525362328125001 0.2801358234375 0.51465744375 0.1768534234375 0.4759552046875 0.11672325937500001 0.461956521875 0.11177136406249999 0.49818840625 0.27093944531249997 0.5525362328125001
0 0.28155065156250003 0.4487812921875 0.1287492921875 0.4034914359375 0.116015846875 0.45372200312500005 0.26952461875 0.5080698296875 0.28155065156250003 0.4487812921875
0 0.2525466890625 0.410902503125 0.2518392765625 0.3927865609375 0.0799377484375 0.3334980234375 0.0664968875 0.39031620624999996 0.2893322015625 0.4570158109375 0.2935766828125 0.434782609375 0.2525466890625 0.410902503125
0 0.13087153437500001 0.2972661390625 0.11813808750000002 0.34749670625 0.29711375156250003 0.40843214687499996 0.30701754375 0.35326087031250003 0.13087153437500001 0.2972661390625
0 0.3155065078125 0.3598484859375 0.32187323125 0.32608695625 0.29711375156250003 0.2915019765625 0.23981324218750003 0.24538866874999998 0.1676570453125 0.2206851109375 0.15846066875 0.2445652171875 0.101867571875 0.22891963125 0.09762309062499999 0.28656126406250004 0.3155065078125 0.3598484859375
0 0.1768534234375 0.152338603125 0.27730616874999997 0.2643280625 0.32894736875 0.32691040781249997 0.3480475375 0.321969696875 0.345925296875 0.26679841875 0.3268251265625 0.181982871875 0.33814374687500004 0.13751646875 0.33814374687500004 0.0988142296875 0.2192982453125 0.097990778125 0.1768534234375 0.152338603125
0 0.341680815625 0.13175230468750002 0.3402659875 0.14904479531249998 0.330362196875 0.1811594203125 0.3466327109375 0.260210803125 0.35016977968749996 0.32608695625 0.3947368421875 0.324440053125 0.39402942812499997 0.2536231890625 0.3777589140625 0.173748353125 0.3784663265625 0.1325757578125 0.341680815625 0.13175230468750002
0 0.3812959828125 0.1342226609375 0.382710809375 0.1729249015625 0.3961516703125 0.2552700921875 0.39827391093750003 0.3227931484375 0.44071873281249996 0.3227931484375 0.44071873281249996 0.2593873515625 0.41312959843749997 0.1762187078125 0.4138370125 0.133399209375 0.3812959828125 0.1342226609375
0 0.40534804687500003 0.07987483437500001 0.41525183906249996 0.1778656125 0.44213355937500004 0.2569169953125 0.4414261453125 0.32608695625 0.4838709671875 0.321969696875 0.48528579531249993 0.2618577078125 0.46194114375 0.16963109375000002 0.4555744203125 0.07658102812499999 0.40534804687500003 0.07987483437500001
0 0.4576966609375 0.074110671875 0.4690152796875 0.16798418906249998 0.48740803593750004 0.260210803125 0.48528579531249993 0.324440053125 0.5206564796875 0.3252635046875 0.52136389375 0.2585639 0.500848896875 0.16798418906249998 0.49377475937500004 0.0749341234375 0.4576966609375 0.074110671875
0 0.49377475937500004 0.0666996046875 0.5036785515625 0.171277996875 0.5241935484375 0.2552700921875 0.5249009625000001 0.32114624531249997 0.5722976796875 0.32032279375 0.5673457828124999 0.2527997359375 0.548953028125 0.1597496703125 0.534097340625 0.065876153125 0.49377475937500004 0.0666996046875
0 0.5524900953125 0.14492753593750002 0.5722976796875 0.25609354375 0.5765421625 0.319499340625 0.615449915625 0.3186758890625 0.615449915625 0.25609354375 0.5928126765624999 0.17539525625000002 0.597057159375 0.14822134375 0.5524900953125 0.14492753593750002
0 0.6317204296875001 0.074110671875 0.58078664375 0.0749341234375 0.578664403125 0.11610671875 0.5963497453125 0.157279315625 0.5977645734375 0.17539525625000002 0.618986984375 0.249505928125 0.6182795703124999 0.316205534375 0.6593095640625 0.319499340625 0.6685059421874999 0.2511528328125 0.6437464625 0.15398550625000001 0.631013015625 0.1169301703125 0.6317204296875001 0.074110671875
0 0.7081211093750001 0.125164690625 0.7088285234375 0.08646245 0.6536502546875 0.08646245 0.645868703125 0.144104084375 0.671335596875 0.24538866874999998 0.6670911140625 0.31538208125 0.7038766265625 0.31538208125 0.70599886875 0.2503293796875 0.6798245609375 0.1663372859375 0.686191284375 0.12681159375 0.7081211093750001 0.125164690625
0 0.69114318125 0.12681159375 0.6854838703125 0.168807640625 0.71024335 0.243741765625 0.70670628125 0.3079710140625 0.745614034375 0.3022068515625 0.748443690625 0.243741765625 0.7314657609374999 0.1581027671875 0.7350028296875 0.12022397968750001 0.69114318125 0.12681159375
0 0.7350028296875 0.1663372859375 0.752688171875 0.241271409375 0.7477362765625 0.3104413703125 0.791595925 0.3120882734375 0.7845217890625 0.2355072453125 0.7696661015624999 0.16798418906249998 0.778155065625 0.1111660078125 0.7371250703125 0.11034255625 0.7350028296875 0.1663372859375
0 0.7866440296875 0.2404479578125 0.793718165625 0.3145586296875 0.8418222984374999 0.3145586296875 0.8389926421875 0.2429183125 0.8135257499999999 0.15645586250000001 0.7732031687500001 0.15892621875 0.7866440296875 0.2404479578125
0 0.845359365625 0.3120882734375 0.893463496875 0.3145586296875 0.8786078093749999 0.2363306984375 0.8510186750000001 0.1498682484375 0.8198924734374999 0.1506917 0.8432371249999999 0.2363306984375 0.845359365625 0.3120882734375
0 0.885681946875 0.241271409375 0.8962931515625 0.3120882734375 0.9316638375 0.3120882734375 0.9252971140625 0.2379776015625 0.8920486703125 0.1465744390625 0.8559705718749999 0.14904479531249998 0.885681946875 0.241271409375
0 0.8955857390625 0.1473978921875 0.92812676875 0.233036890625 0.9330786640625 0.3120882734375 0.9571307296875 0.3079710140625 0.9564233171875 0.26679841875 0.9833050359375 0.25774044687500003 0.937323146875 0.15645586250000001 0.8955857390625 0.1473978921875