0 0.2133333328125 0.1809690609375 0.20173912968750002 0.13426736718750001 0.09391304375000001 0.1698774078125 0.1049275359375 0.2136602453125 0.143768115625 0.2054874484375 0.2133333328125 0.1809690609375
0 0.11594202812500001 0.25043782812500004 0.22144927499999997 0.22183304062500003 0.209855071875 0.1850554578125 0.15246376718750002 0.206654990625 0.1055072453125 0.21541155937499998 0.11594202812500001 0.25043782812500004
0 0.1779710140625 0.288382953125 0.2324637671875 0.2697022765625 0.2226086953125 0.227670753125 0.1165217390625 0.24985405625 0.1263768109375 0.2924693515625 0.1779710140625 0.288382953125
0 0.1356521734375 0.3356684171875 0.23826087031249998 0.31115002812500003 0.2307246375 0.2749562171875 0.18144927500000002 0.288966725 0.12521739062499998 0.29480443749999996 0.1356521734375 0.3356684171875
0 0.1982608703125 0.3765324 0.26318840625 0.3555166375 0.25391304375 0.3058960890625 0.13101449375000002 0.335084646875 0.1455072453125 0.3852889671875 0.1982608703125 0.3765324
0 0.1605797109375 0.4249854046875 0.26492753593749996 0.39287799218749997 0.2573913046875 0.360770578125 0.2005797109375 0.3765324 0.14782608749999998 0.386456509375 0.1605797109375 0.4249854046875
0 0.21623188437500002 0.46760070000000004 0.27768115937500004 0.44483362499999995 0.2695652171875 0.40221832968750004 0.1611594203125 0.42965557499999996 0.17101449375 0.47051955625 0.21623188437500002 0.46760070000000004
0 0.29739130468749997 0.48569760625 0.285217390625 0.4413309984375 0.22086956562500001 0.46993578593749996 0.166956521875 0.471103328125 0.18318840625 0.52189141875 0.29739130468749997 0.48569760625
0 0.24811594218750002 0.554582603125 0.313043478125 0.5329830703125 0.299130434375 0.4874489203125 0.18608695625 0.52189141875 0.1988405796875 0.5645067140625 0.24811594218750002 0.554582603125
0 0.20927536249999998 0.5989492125 0.30840579687499997 0.570928196875 0.3020289859375 0.539404553125 0.24637681093750002 0.557501459375 0.2005797109375 0.5685931109375 0.20927536249999998 0.5989492125
0 0.36289855000000004 0.1920607125 0.35536231875 0.1523642734375 0.315942028125 0.1652072390625 0.263768115625 0.1768826625 0.2718840578125 0.212492703125 0.3182608703125 0.2037361359375 0.36289855000000004 0.1920607125
0 0.2782608703125 0.2393461765625 0.3321739125 0.23292469374999997 0.3721739125 0.2159953296875 0.364057971875 0.194395796875 0.3234782609375 0.2054874484375 0.2707246375 0.21132516093749998 0.2782608703125 0.2393461765625
0 0.2834782609375 0.271453590625 0.3397101453125 0.2644483359375 0.3756521734375 0.2492702859375 0.3686956515625 0.22124927031250002 0.3321739125 0.235259778125 0.2794202890625 0.2416812609375 0.2834782609375 0.271453590625
0 0.2904347828125 0.300058378125 0.3495652171875 0.29422066562500004 0.3866666671875 0.28021015781249997 0.37739130468750004 0.2527729140625 0.3397101453125 0.26503210781250003 0.285217390625 0.2743724453125 0.2904347828125 0.300058378125
0 0.2956521734375 0.3304144765625 0.35420289843749997 0.32224168125 0.394782609375 0.30764740156250003 0.38956521718750003 0.28371278437499997 0.3472463765625 0.2959719796875 0.2956521734375 0.3029772328125 0.2956521734375 0.3304144765625
0 0.3072463765625 0.35785172187500003 0.36289855000000004 0.35143023906250004 0.4011594203125 0.3391710453125 0.3936231890625 0.31115002812500003 0.35130434843749997 0.324576765625 0.298550725 0.3315820203125 0.3072463765625 0.35785172187500003
0 0.3142028984375 0.3905429078125 0.369855071875 0.3806187984375 0.40869565156250004 0.3671920609375 0.4011594203125 0.3415061296875 0.3588405796875 0.353181553125 0.30898550625 0.3596030359375 0.3142028984375 0.3905429078125
0 0.314782609375 0.41973146562499997 0.3721739125 0.410974896875 0.41159420312500006 0.39521307656250004 0.4092753625 0.3706946875 0.366956521875 0.38295388125 0.30782608749999996 0.39287799218749997 0.314782609375 0.41973146562499997
0 0.32405797187499996 0.4512551078125 0.3843478265625 0.44016345625 0.4243478265625 0.4249854046875 0.41333333281250006 0.39813193281250003 0.3750724640625 0.412142440625 0.3182608703125 0.42265032187499996 0.32405797187499996 0.4512551078125
0 0.3350724640625 0.4763572671875 0.3924637671875 0.46701692968749997 0.4336231890625 0.45242265000000004 0.4278260875 0.42673671874999997 0.38260869531249997 0.44308231249999996 0.3275362328125 0.45242265000000004 0.3350724640625 0.4763572671875
0 0.3478260875 0.5037945125000001 0.3994202890625 0.494454175 0.44115942031250005 0.478692353125 0.43420289843750004 0.4541739640625 0.39304347812499996 0.46760070000000004 0.340869565625 0.4763572671875 0.3478260875 0.5037945125000001
0 0.353043478125 0.531815528125 0.4104347828125 0.524226503125 0.45101449374999997 0.505545825 0.44173912968750007 0.478692353125 0.40173912968750003 0.495621715625 0.3466666671875 0.505545825 0.353043478125 0.531815528125
0 0.36463768124999996 0.5627554 0.4179710140625 0.549912434375 0.4573913046875 0.5370694687500001 0.4504347828125 0.509048453125 0.40869565156250004 0.5253940453125 0.357681159375 0.5329830703125 0.36463768124999996 0.5627554
0 0.371594203125 0.5896088734375 0.3936231890625 0.5866900171875 0.4005797109375 0.6065382375 0.47420289843749996 0.5861062453125 0.4602898546875 0.542323409375 0.4150724640625 0.5528312890625 0.36521739062499997 0.5662580265625 0.371594203125 0.5896088734375
0 0.46956521718750005 0.17980151718749998 0.4556521734375 0.13776999375 0.3988405796875 0.1523642734375 0.3686956515625 0.1546993578125 0.3779710140625 0.19731465312500002 0.40463768125 0.19673088125 0.46956521718750005 0.17980151718749998
0 0.3878260875 0.22591943906249998 0.40985507187500003 0.22650321093749998 0.4718840578125 0.204903678125 0.46550724531250004 0.18330414374999998 0.4081159421875 0.19964973749999998 0.37739130468750004 0.200233509375 0.3878260875 0.22591943906249998
0 0.3918840578125 0.25685931093750003 0.420869565625 0.2574430828125 0.47652173906249995 0.23467600625 0.47246376718749994 0.209573846875 0.41623188437499997 0.22533566875000002 0.38608695625 0.23000583749999998 0.3918840578125 0.25685931093750003
0 0.3982608703125 0.28371278437499997 0.4307246375 0.2848803265625 0.484057971875 0.26619965 0.4788405796875 0.2370110921875 0.41971014531249995 0.2591943953125 0.3942028984375 0.2591943953125 0.3982608703125 0.28371278437499997
0 0.40579710156250004 0.3152364265625 0.44000000000000006 0.3117338 0.4927536234375 0.29188558124999997 0.4863768109375 0.26619965 0.42898550625 0.286631640625 0.3988405796875 0.28721541093749997 0.40579710156250004 0.3152364265625
0 0.41391304375000004 0.344424984375 0.44463768124999997 0.34208990156249997 0.5031884062499999 0.321657909375 0.49391304375 0.2930531234375 0.44000000000000006 0.31465265625 0.4075362328125 0.31932282500000003 0.41391304375000004 0.344424984375
0 0.420869565625 0.37361354375 0.4527536234375 0.3701109171875 0.510144928125 0.34909515468749996 0.5026086953125 0.32224168125 0.44579710156249996 0.344424984375 0.41333333281250006 0.3485113828125 0.420869565625 0.37361354375
0 0.4272463765625 0.39929947499999996 0.4649275359375 0.39988324531249997 0.5188405796875 0.3800350265625 0.5107246375 0.35259778124999996 0.44985507187499996 0.3741973140625 0.42028985468749996 0.3765324 0.4272463765625 0.39929947499999996
0 0.43826087031250005 0.429071803125 0.4672463765625 0.4261529484375 0.5275362328125001 0.40396964375 0.5188405796875 0.3800350265625 0.46376811562500003 0.40221832968750004 0.4272463765625 0.401634559375 0.43826087031250005 0.429071803125
0 0.44463768124999997 0.4565090484375 0.47710145 0.4535901921875 0.538550725 0.4331582015625 0.5275362328125001 0.40572095781249995 0.4713043484375 0.4302393453125 0.43710145 0.431990659375 0.44463768124999997 0.4565090484375
0 0.4556521734375 0.4845300640625 0.486956521875 0.48277875000000003 0.5426086953125 0.4640980734375 0.536231884375 0.43549328593750003 0.4782608703125 0.45592527812499994 0.44695652187499996 0.46001167499999995 0.4556521734375 0.4845300640625
0 0.46318840625 0.5125510796875 0.4927536234375 0.5102159953125 0.5542028984375 0.4874489203125 0.5449275359375 0.4646818453125 0.485217390625 0.48569760625 0.4573913046875 0.4874489203125 0.46318840625 0.5125510796875
0 0.46608695625 0.534734384375 0.5020289859375 0.5440747218750001 0.56463768125 0.5125510796875 0.554782609375 0.4886164625 0.4933333328125 0.5137186218750001 0.4620289859375 0.5137186218750001 0.46608695625 0.534734384375
0 0.3744927546875 0.8196147109374999 0.3495652171875 0.7892586109375 0.3350724640625 0.75948628125 0.32463768125 0.7081144187499999 0.27710145 0.7320490375 0.3304347828125 0.838879159375 0.3744927546875 0.8196147109374999
0 0.32405797187499996 0.710449503125 0.3373913046875 0.7553998828124999 0.3495652171875 0.7863397546875001 0.37739130468750004 0.81844716875 0.4144927546875 0.8026853468749999 0.3605797109375 0.7122008171875 0.340869565625 0.7192060703125 0.33623188437499996 0.7081144187499999 0.32405797187499996 0.710449503125
0 0.3965217390625 0.6941039109375 0.40289855 0.7227086984375 0.43826087031250005 0.7933450093750001 0.48289855 0.7699941625 0.45681159375 0.7408056046875 0.44289854999999995 0.7098657328125 0.42898550625 0.6760070046875 0.3965217390625 0.6941039109375
0 0.433043478125 0.6736719203125 0.4573913046875 0.73671920625 0.4875362328125 0.771745475 0.5327536234375 0.751313484375 0.48927536250000003 0.67308815 0.47362318906249995 0.677174546875 0.46550724531250004 0.6614127265625 0.433043478125 0.6736719203125
0 0.5066666671875 0.6403969640625 0.5031884062499999 0.6596614125 0.5426086953125 0.7408056046875 0.5907246374999999 0.7186223 0.566956521875 0.68534734375 0.553043478125 0.654407471875 0.5420289859375 0.621132515625 0.5066666671875 0.6403969640625
0 0.5692753625 0.6882661999999999 0.59536231875 0.7157034437500001 0.628405796875 0.6976065390625 0.5918840578125 0.6228838296875 0.580869565625 0.622300059375 0.5721739125 0.6094570921875 0.5455072453125 0.6182136609375 0.5565217390625 0.6520723875 0.5692753625 0.6882661999999999
0 0.6597101453125 0.5744308234375 0.659130434375 0.5931115 0.6521739125 0.5983654406250001 0.6533333328125 0.678342090625 0.6979710140625001 0.6859311140625 0.6950724640625 0.64740221875 0.69681159375 0.613543490625 0.7020289859375 0.57793345 0.6597101453125 0.5744308234375
0 0.703768115625 0.577349678125 0.699130434375 0.6112084062500001 0.699130434375 0.6520723875 0.701449275 0.6870986578125 0.74318840625 0.6888499718750001 0.741449275 0.6042031531250001 0.736231884375 0.6001167546875 0.738550725 0.577349678125 0.703768115625 0.577349678125
0 0.7634782609374999 0.6036193812499999 0.7681159421875 0.6859311140625 0.819130434375 0.690601284375 0.8133333328125 0.649737303125 0.816231884375 0.6047869234375 0.8220289859375001 0.58085230625 0.7855072453124999 0.5796847640625 0.7779710140625 0.6018680671875 0.7634782609374999 0.6036193812499999
0 0.8179710140625 0.6509048453124999 0.821449275 0.6911850546875 0.859130434375 0.6929363687500001 0.8626086953125001 0.6176298890624999 0.8533333328125 0.6112084062500001 0.859130434375 0.5866900171875 0.8249275359375 0.580268534375 0.818550725 0.613543490625 0.8179710140625 0.6509048453124999
0 0.77101449375 0.7997664906249999 0.8521739125 0.80502043125 0.8602898546875 0.8009340343750001 0.877681159375 0.8021015765625 0.8811594203125 0.77466433125 0.8434782609375 0.7694103921875 0.8098550718749999 0.7635726796875 0.7727536234375 0.75189725625 0.77101449375 0.7997664906249999
0 0.8382608703125 0.7659077640625 0.8834782609375 0.7705779328125 0.885217390625 0.7174547578125 0.7744927546875 0.7092819609375 0.77391304375 0.7507297140625 0.8081159421875 0.7606538234375 0.8382608703125 0.7659077640625
0 0.8005797109375001 0.8879159375000001 0.830144928125 0.890251021875 0.873043478125 0.8861646234375 0.8718840578125 0.83362521875 0.7750724640625 0.82603619375 0.7681159421875 0.8791593687500001 0.8005797109375001 0.8879159375000001
0 0.7657971015625 0.8809106828125 0.7617391296875 0.915936953125 0.8666666671875 0.9270286046875 0.8713043484374999 0.8908347921875001 0.8289855062499999 0.8914185640625 0.8034782609375 0.8890834796875 0.7657971015625 0.8809106828125
0 0.6452173906249999 0.49678925781250005 0.6492753625 0.51722125 0.6805797109375 0.5154699359375 0.68289855 0.4810274375 0.6805797109375 0.4570928203125 0.6881159421875 0.40747227031250005 0.6330434781250001 0.4080560421875 0.630144928125 0.49678925781250005 0.6452173906249999 0.49678925781250005
0 0.684057971875 0.5183887921875 0.7142028984375 0.521307646875 0.7118840578125 0.46001167499999995 0.7182608703125 0.40747227031250005 0.6898550718750001 0.40455341562499997 0.6857971015625 0.45767659062500005 0.684057971875 0.5183887921875
0 0.7136231890625 0.4617629890625 0.71536231875 0.521307646875 0.741449275 0.5230589609375 0.7402898546875 0.46059544687500004 0.748405796875 0.41155866874999997 0.7188405796875 0.4080560421875 0.7136231890625 0.4617629890625
0 0.7478260875 0.40980735625 0.740869565625 0.4635143015625 0.743768115625 0.524226503125 0.7721739125 0.5253940453125 0.77681159375 0.49036777656249997 0.7704347828125 0.46117921875 0.778550725 0.412142440625 0.7478260875 0.40980735625
0 0.780869565625 0.4138937546875 0.7727536234375 0.462346759375 0.7797101453125 0.48686514843750006 0.7721739125 0.5259778171875 0.7994202890625 0.5283129015625 0.8011594203125 0.493870403125 0.7994202890625 0.4646818453125 0.8086956515624999 0.41973146562499997 0.780869565625 0.4138937546875
0 0.8110144937499999 0.4162288375 0.802318840625 0.46584938749999993 0.8005797109375001 0.5265615875 0.828405796875 0.5335668421875 0.8318840578125 0.49503794531249995 0.828405796875 0.46584938749999993 0.83536231875 0.41739638125 0.8110144937499999 0.4162288375
0 0.83536231875 0.41914769375 0.8307246375 0.46760070000000004 0.833043478125 0.49211908906249996 0.828405796875 0.5323993 0.8672463765625 0.5353181546875 0.8707246375000001 0.5037945125000001 0.8805797109375 0.5020431984375 0.8817391296875 0.4232340921875 0.83536231875 0.41914769375
0 0.6075362328125 0.3134851140625 0.6057971015625 0.395796846875 0.658550725 0.39638061874999997 0.65391304375 0.3566841796875 0.659130434375 0.3035610046875 0.6614492750000001 0.2848803265625 0.623768115625 0.2825452421875 0.620869565625 0.309398715625 0.6075362328125 0.3134851140625
0 0.660869565625 0.3969643890625 0.6898550718750001 0.39929947499999996 0.6834782609375 0.3642732046875 0.6933333328125 0.2877991828125 0.6643478265625 0.28429655625 0.6556521734375 0.35843549375 0.660869565625 0.3969643890625
0 0.6927536234375 0.40221832968750004 0.717681159375 0.40396964375 0.713043478125 0.36777583125 0.7205797109375001 0.288966725 0.696231884375 0.286631640625 0.68463768125 0.3625218921875 0.6927536234375 0.40221832968750004
0 0.7211594203125 0.40396964375 0.7466666671875 0.40396964375 0.740869565625 0.36602451875 0.74898550625 0.288382953125 0.72289855 0.288966725 0.7142028984375 0.36777583125 0.7211594203125 0.40396964375
0 0.7478260875 0.41039112656250004 0.7797101453125 0.41330998281250003 0.7733333328125 0.3695271453125 0.776231884375 0.3129013421875 0.781449275 0.288382953125 0.7507246375000001 0.28604786875 0.74608695625 0.3671920609375 0.7478260875 0.41039112656250004
0 0.780869565625 0.40980735625 0.8075362328125 0.40980735625 0.8017391296874999 0.3689433734375 0.8133333328125 0.291301809375 0.7802898546875 0.29071803906250004 0.7744927546875 0.368359603125 0.780869565625 0.40980735625
0 0.8098550718749999 0.41039112656250004 0.8382608703125 0.40980735625 0.830144928125 0.37361354375 0.8388405796875 0.29538820781249997 0.8144927546874999 0.29188558124999997 0.805217390625 0.3671920609375 0.8098550718749999 0.41039112656250004
0 0.8400000000000001 0.41039112656250004 0.8834782609375 0.40980735625 0.8886956515625 0.3286631640625 0.873043478125 0.3234092234375 0.87536231875 0.2959719796875 0.8417391296875 0.29538820781249997 0.8289855062499999 0.3724460015625 0.8400000000000001 0.41039112656250004