0 0.09370629375 0.23136438125 0.0832167828125 0.32956405312500003 0.1454545453125 0.337747359375 0.1615384609375 0.23285225468749998 0.14265734218749998 0.1167980953125 0.060839160937500004 0.1056390421875 0.09370629375 0.23136438125
0 0.1615384609375 0.22764469531249998 0.153846153125 0.2826960265625 0.2 0.2834399640625 0.2076923078125 0.22987650624999997 0.197202796875 0.18152060781249998 0.153146853125 0.1807766703125 0.1615384609375 0.22764469531249998
0 0.209790209375 0.233596190625 0.203496503125 0.28715964843749997 0.24615384687500003 0.2908793328125 0.25174825156249997 0.23062044375 0.23076923124999998 0.1212617171875 0.18601398593750001 0.1167980953125 0.209790209375 0.233596190625
0 0.2328671328125 0.11902990625000001 0.253846153125 0.2350840640625 0.246853146875 0.2916232703125 0.2874125875 0.2916232703125 0.3 0.23880374999999998 0.278321678125 0.1569706890625 0.24965035000000002 0.11977384218750001 0.2328671328125 0.11902990625000001
0 0.2825174828125 0.14878738281249998 0.3 0.24029162343750002 0.2916083921875 0.29311114374999997 0.3300699296875 0.2953429546875 0.3384615390625 0.241779496875 0.31958041875 0.1242374640625 0.3104895109375 0.1242374640625 0.2825174828125 0.14878738281249998
0 0.31888111874999997 0.122005653125 0.340559440625 0.2365719390625 0.3230769234375 0.338491296875 0.3769230765625 0.33997916875 0.384615384375 0.234340128125 0.3727272734375 0.161434309375 0.3447552453125 0.126469275 0.31888111874999997 0.122005653125
0 0.3762237765625 0.15622675156250002 0.3888111890625 0.23805981250000002 0.38041958125 0.322868621875 0.4132867125 0.3273322421875 0.4272727265625 0.23210831718749997 0.415384615625 0.1212617171875 0.4083916078125 0.11828597031250002 0.3762237765625 0.15622675156250002
0 0.4209790203125 0.3042701984375 0.4615384609375 0.3042701984375 0.4769230765625 0.23805981250000002 0.44965035000000003 0.1212617171875 0.4167832171875 0.11902990625000001 0.43146853125 0.2358280015625 0.4209790203125 0.3042701984375
0 0.48041958124999995 0.2395476859375 0.46363636406250003 0.31096562968749997 0.45594405625 0.31096562968749997 0.4580419578125 0.33477161093749996 0.5111888109375 0.3355155484375 0.5167832171875 0.2395476859375 0.497202796875 0.1212617171875 0.45314685312499997 0.12274959062499999 0.48041958124999995 0.2395476859375
0 0.515384615625 0.3362594859375 0.5454545453125 0.337747359375 0.5643356640625 0.23880374999999998 0.5384615390625 0.12274959062499999 0.5020979015625 0.12051777968749999 0.51958041875 0.237315875 0.515384615625 0.3362594859375
0 0.5664335656249999 0.2395476859375 0.5482517484375 0.34146704375 0.583916084375 0.344442790625 0.60699300625 0.24029162343750002 0.5832167828125 0.12274959062499999 0.5426573421875001 0.1212617171875 0.5664335656249999 0.2395476859375
0 0.6076923078124999 0.2395476859375 0.5874125875 0.34295491718750004 0.63146853125 0.34295491718750004 0.6545454546875 0.2395476859375 0.6328671328125 0.126469275 0.5860139859375 0.1242374640625 0.6076923078124999 0.2395476859375
0 0.65664335625 0.241779496875 0.6356643359375 0.344442790625 0.672027971875 0.344442790625 0.6993007 0.2447552453125 0.6762237765625 0.126469275 0.634965034375 0.1272132125 0.65664335625 0.241779496875
0 0.703496503125 0.24103556093749998 0.6769230765625001 0.3466746015625 0.721678321875 0.3466746015625 0.74335664375 0.237315875 0.7132867125 0.1257253390625 0.6776223781249999 0.1242374640625 0.703496503125 0.24103556093749998
0 0.775524475 0.18598422812499998 0.734265734375 0.139116203125 0.721678321875 0.1361404546875 0.74895105 0.23805981250000002 0.7279720281250001 0.34146704375 0.7482517484375 0.34072310625 0.7559440562499999 0.29757476562499996 0.7797202796875 0.29311114374999997 0.7888111890625 0.2350840640625 0.775524475 0.18598422812499998
0 0.7118881109374999 0.3957744390625 0.6790209796875 0.3987501859375 0.6860139859375 0.46421663437499994 0.6762237765625 0.53117095625 0.7279720281250001 0.53117095625 0.7349650343749999 0.46719238281250003 0.7293706296875 0.42627585156250003 0.721678321875 0.424787978125 0.7118881109374999 0.3957744390625
0 0.6748251749999999 0.5445618203125 0.678321678125 0.46942419375 0.68111888125 0.3868471953125 0.66923076875 0.37271239375 0.6258741265625 0.368992709375 0.63146853125 0.4753756875 0.6272727265625 0.54828150625 0.6748251749999999 0.5445618203125
0 0.6300699296875 0.46198482343749997 0.6216783218749999 0.368992709375 0.58181818125 0.3675048359375 0.5846153843749999 0.4590090765625 0.5790209796875 0.5505133171875001 0.624475525 0.54828150625 0.6300699296875 0.46198482343749997
0 0.5832167828125 0.46272876093750004 0.5762237765625 0.368248771875 0.528671328125 0.37271239375 0.5433566437499999 0.4582651390625 0.5377622375 0.543073946875 0.574825175 0.54679363125 0.5832167828125 0.46272876093750004
0 0.5237762234375001 0.37271239375 0.49230769218750003 0.37271239375 0.49930070000000004 0.46421663437499994 0.49370629375 0.5534890640625 0.534265734375 0.5534890640625 0.5391608390625 0.46644844531249996 0.5237762234375001 0.37271239375
0 0.4986013984375 0.4612408875 0.48951048906250005 0.3675048359375 0.44055944062499997 0.3675048359375 0.45454545468749996 0.46272876093750004 0.4447552453125 0.5534890640625 0.495804196875 0.5586966234374999 0.4986013984375 0.4612408875
0 0.45314685312499997 0.46272876093750004 0.4377622375 0.3645290875 0.40349650312499996 0.362297278125 0.41258741250000003 0.48058324687500004 0.4006993 0.5534890640625 0.44195804218749996 0.5497693796875 0.45314685312499997 0.46272876093750004
0 0.409090909375 0.4738878140625 0.3979020984375 0.365273025 0.3552447546875 0.362297278125 0.36853146875 0.47314387656249995 0.35944055937499997 0.551257253125 0.3986013984375 0.5505133171875001 0.409090909375 0.4738878140625
0 0.365034965625 0.46719238281250003 0.35104894999999997 0.3645290875 0.3104895109375 0.3637851515625 0.3209790203125 0.46198482343749997 0.31398601406250004 0.5475375687499999 0.353146853125 0.5505133171875001 0.365034965625 0.46719238281250003
0 0.31888111874999997 0.456777265625 0.304195803125 0.3630412140625 0.2545454546875 0.362297278125 0.278321678125 0.448593959375 0.26923076875 0.5445618203125 0.3076923078125 0.5475375687499999 0.31888111874999997 0.456777265625
0 0.2734265734375 0.448593959375 0.253846153125 0.361553340625 0.22027972031249998 0.361553340625 0.2328671328125 0.448593959375 0.22657342656249999 0.543073946875 0.266433565625 0.543817884375 0.2734265734375 0.448593959375
0 0.228671328125 0.45305758125000006 0.21538461562500003 0.3593215296875 0.17762237812499998 0.35783365625 0.1874125875 0.46644844531249996 0.178321678125 0.5371224515625 0.22377622343749998 0.5400982 0.228671328125 0.45305758125000006
0 0.184615384375 0.4612408875 0.17552447499999999 0.3861032578125 0.1328671328125 0.37791995312500004 0.140559440625 0.4515697078125 0.1321678328125 0.5148043437500001 0.178321678125 0.5177800921875 0.184615384375 0.4612408875
0 0.0790209796875 0.5103407234375 0.1293706296875 0.5125725328125 0.13986014062500002 0.45231364375 0.1293706296875 0.3808957 0.0986013984375 0.3808957 0.09930069999999999 0.409165303125 0.084615384375 0.4106531765625 0.0923076921875 0.45305758125000006 0.0790209796875 0.5103407234375
0 0.03146853125 0.687397709375 0.046853146875 0.7989882453125 0.034265734375 0.8570153250000001 0.095804196875 0.8592471359375 0.10769230781250001 0.8056836781250001 0.103496503125 0.75509596875 0.0853146859375 0.6829340875 0.03146853125 0.687397709375
0 0.10979020937499999 0.80047611875 0.1013986015625 0.8599910734374999 0.14335664374999998 0.8622228843749999 0.153846153125 0.8071715515625 0.13986014062500002 0.7156673125 0.0881118890625 0.6844219609375 0.10979020937499999 0.80047611875
0 0.14405594375 0.7141794375 0.1545454546875 0.80047611875 0.1447552453125 0.8599910734374999 0.190209790625 0.86371075625 0.2013986015625 0.8034518671875001 0.1867132875 0.69111739375 0.1671328671875 0.6888855828125 0.14405594375 0.7141794375
0 0.202797203125 0.7967564359375 0.19300699375000002 0.8659425671875001 0.22657342656249999 0.86445469375 0.24405594375 0.8064276140625 0.22657342656249999 0.6948370781250001 0.1874125875 0.69037345625 0.202797203125 0.7967564359375
0 0.24545454531250002 0.8064276140625 0.22027972031249998 0.9083469718750001 0.28041958125 0.9105787828125 0.2895104890625 0.8101473 0.27482517500000003 0.726826365625 0.2328671328125 0.726826365625 0.24545454531250002 0.8064276140625
0 0.290909090625 0.8086594249999999 0.28181818125 0.9001636656249999 0.3167832171875 0.9001636656249999 0.33076923125 0.8108912359374999 0.3174825171875 0.75509596875 0.28041958125 0.75435203125 0.290909090625 0.8086594249999999
0 0.3328671328125 0.8094033625 0.325174825 0.8674304421875 0.3587412578125 0.8733819374999999 0.3727272734375 0.8108912359374999 0.3580419578125 0.7350096703125 0.316083915625 0.7335217968750001 0.3328671328125 0.8094033625
0 0.37412587343750003 0.8227942265625 0.353846153125 0.9135545296875 0.41118881093750004 0.9209939 0.4272727265625 0.8346972171875 0.409790209375 0.6993007 0.3552447546875 0.7007885734375 0.37412587343750003 0.8227942265625
0 0.45944055937500006 0.8555274515625 0.46923076874999997 0.7677428953125001 0.41258741250000003 0.6993007 0.4272727265625 0.8547835140625001 0.45944055937500006 0.8555274515625
0 0.6580419578125001 0.8413926500000001 0.65594405625 0.9023954765625 0.7069930062500001 0.9076030359375 0.71958041875 0.8443683984374999 0.6979020984375001 0.7126915640625 0.6447552453125 0.709715815625 0.6580419578125001 0.8413926500000001
0 0.7104895109375 0.9113227203125 0.7391608390625 0.9172742156249999 0.7573426578125 0.885284928125 0.7636363640625 0.8190745421875001 0.7363636359375 0.718643059375 0.702797203125 0.7141794375 0.7258741265624999 0.8406487125 0.7104895109375 0.9113227203125
0 0.7440559437500001 0.916530278125 0.7874125875 0.9239696468749999 0.8069930062499999 0.8220502906249999 0.783916084375 0.701532509375 0.7377622374999999 0.7059961312499999 0.76923076875 0.8198184796874999 0.7440559437500001 0.916530278125
0 0.8104895109375001 0.8265139109374999 0.7874125875 0.9276893328125 0.839860140625 0.931409015625 0.8517482515625 0.8376729656249999 0.828671328125 0.7067400687500001 0.7874125875 0.702276446875 0.8104895109375001 0.8265139109374999
0 0.834265734375 0.709715815625 0.8545454546875 0.829489659375 0.8503496500000001 0.8823091796875 0.8979020984374999 0.8867728015624999 0.8923076921875 0.781877696875 0.871328671875 0.7781580124999999 0.8699300703124999 0.7164112484375 0.834265734375 0.709715815625