0 0.1997688625 0.38450292343750003 0.250949315625 0.3947368421875 0.24929833281249997 0.2353801171875 0.26333168125 0.08333333281250001 0.2063727921875 0.0745614046875 0.19399042500000002 0.21198830468750002 0.1931649328125 0.2631578953125 0.1997688625 0.38450292343750003
0 0.25260029687499996 0.3961988296875 0.3070827140625 0.40204678437499997 0.3120356609375 0.23830409375 0.329370975 0.0716374265625 0.2641571734375 0.06286549687500001 0.25260029687499996 0.2251461984375 0.25260029687499996 0.3961988296875
0 0.30873369687499996 0.41228070156249996 0.34753178125 0.41812865468749993 0.352484728125 0.3625731 0.356612184375 0.3611111109375 0.36239062187500004 0.2485380125 0.3656925875 0.12426900468749999 0.32524352031250003 0.11988304062499999 0.31368664375 0.23976608124999998 0.30873369687499996 0.41228070156249996
0 0.3599141484375 0.4225146203125 0.4077926359375 0.438596490625 0.4110946015625 0.3055555546875 0.4201750046875 0.0847953203125 0.3656925875 0.0716374265625 0.3640416046875 0.2456140359375 0.3599141484375 0.4225146203125
0 0.4110946015625 0.438596490625 0.4548456328125 0.43713450312499996 0.45154366875 0.2631578953125 0.46640250937500005 0.090643275 0.4201750046875 0.08333333281250001 0.413571075 0.255847953125 0.4110946015625 0.438596490625
0 0.460624071875 0.43421052656250003 0.504375103125 0.4400584796875 0.504375103125 0.2763157890625 0.5225359093749999 0.0862573109375 0.4697044734375 0.08333333281250001 0.452369159375 0.2543859640625 0.460624071875 0.43421052656250003
0 0.5068515765625 0.43274853750000003 0.5588575203125 0.438596490625 0.5629849765625 0.267543859375 0.5704143968750001 0.09210526249999999 0.5241868921874999 0.0862573109375 0.508502559375 0.2631578953125 0.5068515765625 0.43274853750000003
0 0.572065378125 0.1271929828125 0.56133399375 0.44298245625000005 0.6075615 0.4459064328125 0.619943865625 0.0935672515625 0.58362225625 0.08771929843750001 0.5827967640625 0.1257309953125 0.572065378125 0.1271929828125
0 0.610037971875 0.4473684203125 0.6554399859375 0.448830409375 0.660392934375 0.271929825 0.674426284375 0.1257309953125 0.622420340625 0.11403508749999999 0.6158164109375 0.267543859375 0.610037971875 0.4473684203125
0 0.662043915625 0.27923976562499997 0.6579164609375 0.45175438593750006 0.7099224046875 0.45760233906250003 0.71322436875 0.2850877203125 0.7165263328125 0.1271929828125 0.6769027578125 0.11988304062499999 0.662043915625 0.27923976562499997
0 0.7503714703125001 0.11988304062499999 0.718177315625 0.12426900468749999 0.7165263328125 0.2865497078125 0.714049859375 0.47222222187499996 0.7619283484375 0.482456140625 0.7627538390625 0.2982456140625 0.7759616968749999 0.1637426890625 0.75284794375 0.1564327484375 0.7503714703125001 0.11988304062499999
0 0.766055803125 0.460526315625 0.8081558531249999 0.46929824531250003 0.818061746875 0.1637426890625 0.7800891531249999 0.1564327484375 0.7677067859375 0.299707603125 0.766055803125 0.460526315625
0 0.818061746875 0.19152046875 0.8114578171875 0.4736842109375 0.8907049703125001 0.47953216249999997 0.9030873375 0.18128655 0.842000990625 0.17105263125 0.8329205875 0.1959064328125 0.818061746875 0.19152046875
0 0.2501238234375 0.549707603125 0.2542512796875 0.42690058437499995 0.1882119859375 0.40935672500000003 0.179957075 0.596491228125 0.24929833281249997 0.6549707609375 0.2501238234375 0.549707603125
0 0.27984150625000004 0.767543859375 0.2955258375 0.7763157890625 0.3095591875 0.4400584796875 0.25672775312499996 0.43421052656250003 0.250949315625 0.653508771875 0.27984150625000004 0.767543859375
0 0.29800231093749996 0.7631578953125 0.343404325 0.7821637421875 0.3508337453125 0.5716374265625 0.3599141484375 0.4649122796875 0.3120356609375 0.4473684203125 0.3070827140625 0.573099415625 0.29800231093749996 0.7631578953125
0 0.3458808 0.78362573125 0.3937592875 0.7821637421875 0.4028396890625 0.573099415625 0.412745584375 0.46929824531250003 0.3632161140625 0.46198830468749996 0.3533102203125 0.5672514625 0.3458808 0.78362573125
0 0.40366518124999995 0.596491228125 0.398712234375 0.7807017546874999 0.43751031874999996 0.7865497078125 0.45402014218750003 0.596491228125 0.46392603593750004 0.47807017500000004 0.4152220578125 0.46783625781250004 0.40366518124999995 0.596491228125
0 0.45732210625 0.6008771937499999 0.43916130156250005 0.7880116953125 0.49116724375 0.799707603125 0.500247646875 0.618421053125 0.5101535421875 0.4766081875 0.46640250937500005 0.46929824531250003 0.45732210625 0.6008771937499999
0 0.49281822656249996 0.78362573125 0.54730064375 0.7938596484375 0.5489516265625001 0.5994152046875 0.5572065375 0.48391812968750003 0.512630015625 0.4766081875 0.5035496125 0.6052631578125001 0.49281822656249996 0.78362573125
0 0.5489516265625001 0.7543859640624999 0.5712398875 0.7514619875 0.5968301140625 0.7251461984375001 0.6059105171875 0.5584795312499999 0.6133399374999999 0.4853801171875 0.5629849765625 0.480994153125 0.552253590625 0.596491228125 0.5489516265625001 0.7543859640624999
0 0.9286775625000001 0.5307017546874999 0.842000990625 0.5131578953125 0.8353970609375001 0.744152046875 0.9105167578125 0.728070175 0.9286775625000001 0.5307017546874999
0 0.8411755 0.76169590625 0.83704804375 0.6213450296875 0.8403500078125001 0.5087719296875 0.8015519234375 0.51023391875 0.789995046875 0.6038011703125 0.7883440640625 0.8245614046874999 0.8164107640625 0.8245614046874999 0.8411755 0.76169590625
0 0.7569754 0.8187134500000001 0.785867590625 0.8187134500000001 0.789995046875 0.6169590640625 0.8023774140625 0.5029239765625 0.7544989265625001 0.49707602343749996 0.73881459375 0.609649121875 0.736338121875 0.7660818703125 0.7578008921875 0.7807017546874999 0.7569754 0.8187134500000001
0 0.752022453125 0.4926900578125 0.700842 0.48976608125 0.694238071875 0.5672514625 0.69093610625 0.7733918125 0.7355126296875001 0.7763157890625 0.73881459375 0.609649121875 0.752022453125 0.4926900578125
0 0.6917615984375 0.80701754375 0.688459634375 0.618421053125 0.698365528125 0.47953216249999997 0.65131253125 0.4766081875 0.6405811453125 0.6038011703125 0.6438831109375001 0.7339181296875 0.6645203890625 0.7865497078125 0.6917615984375 0.80701754375
0 0.63727918125 0.7178362578125 0.6381046718750001 0.6140350875 0.647185075 0.47953216249999997 0.6158164109375 0.47953216249999997 0.6050850249999999 0.6111111109375 0.6009575703125 0.722222221875 0.63727918125 0.7178362578125