0 0.3269230765625 0.2947530859375 0.3835470078125 0.2916666671875 0.39316239375 0.2253086421875 0.3643162390625 0.222222221875 0.3579059828125 0.17206790156250001 0.35042735 0.11882716093750001 0.2200854703125 0.108024690625 0.178418803125 0.3356481484375 0.30876068437500004 0.34336419687499997 0.3269230765625 0.2947530859375
0 0.1485042734375 0.33487654375 0.18162393125 0.321759259375 0.1955128203125 0.2145061734375 0.099358975 0.19830246875 0.050213675 0.2052469140625 0.034188034374999995 0.2970679015625 0.06623931562499999 0.3302469140625 0.1485042734375 0.33487654375
0 0.016025640625 0.424382715625 0.1634615390625 0.43981481406249995 0.2553418796875 0.44907407343749994 0.264957265625 0.354938271875 0.18162393125 0.3487654328125 0.033119657812499995 0.33101851875 0.016025640625 0.424382715625
0 0.014957265624999999 0.49691357968750005 0.15598290625 0.5154320984375 0.24679487187500002 0.5208333328125 0.2542735046875 0.4552469140625 0.1666666671875 0.44367283906250005 0.0202991453125 0.43055555625 0.014957265624999999 0.49691357968750005
0 0.0395299140625 0.5841049375 0.1485042734375 0.5964506171874999 0.22863247812499998 0.6003086421875 0.2425213671875 0.52237654375 0.1485042734375 0.5154320984375 0.058760684375000004 0.5069444437499999 0.0395299140625 0.5841049375
0 0 0.652777778125 0.1324786328125 0.6666666671875 0.20299145312500003 0.66898148125 0.21901709375 0.6041666671875 0.1420940171875 0.5987654328125 0.013888889062500001 0.5895061734375 0 0.652777778125
0 0.608974359375 0.2800925921875 0.47542735 0.2824074078125 0.37286324843749996 0.2893518515625 0.3547008546875 0.3873456796875 0.46901709374999995 0.391203703125 0.602564103125 0.391203703125 0.608974359375 0.2800925921875
0 0.35042735 0.47222222187499996 0.4626068375 0.47608024687499995 0.5202991453125 0.47993827187500004 0.5117521375 0.496141975 0.5865384609375 0.4953703703125 0.602564103125 0.39351851875 0.4626068375 0.39197530937499997 0.3579059828125 0.3796296296875 0.35042735 0.47222222187499996
0 0.3301282046875 0.8140432093750001 0.3205128203125 0.7754629625 0.29380341875 0.7708333328125 0.28098290625 0.733024690625 0.23290598281250002 0.73533950625 0.23290598281250002 0.7214506171874999 0.1634615390625 0.70987654375 0.1613247859375 0.7893518515625 0.1549145296875 0.8418209875 0.1420940171875 0.8981481484374999 0.2702991453125 0.8989197531249999 0.27243589687499997 0.88580246875 0.297008546875 0.88271605 0.31089743593749997 0.8263888890625 0.3301282046875 0.8140432093750001
0 0.071581196875 0.8865740734375 0.1420940171875 0.8888888890625 0.150641025 0.8464506171874999 0.159188034375 0.7770061734375 0.1634615390625 0.7399691359375 0.1634615390625 0.70216049375 0.1111111109375 0.700617284375 0.1079059828125 0.7376543203125 0.0950854703125 0.7800925921874999 0.0886752140625 0.8441358031249999 0.071581196875 0.8865740734375
0 0.08012820468750001 0.840277778125 0.0950854703125 0.7770061734375 0.10470085468749998 0.7160493828125001 0.0929487171875 0.7129629625 0.097222221875 0.6813271609375 0 0.6820987656249999 0.0010683765625 0.8850308640625 0.06837606874999999 0.884259259375 0.08012820468750001 0.840277778125
0 0.46794871718750003 0.70216049375 0.4893162390625 0.5879629625 0.3119658125 0.5748456796875 0.2980769234375 0.6820987656249999 0.28311965781250004 0.7376543203125 0.44337606875 0.7546296296875 0.46794871718750003 0.70216049375
0 0.3920940171875 0.8726851859375 0.3878205125 0.909722221875 0.4241452984375 0.9143518515625001 0.433760684375 0.9436728390625 0.5085470078125 0.9436728390625 0.5010683765625 0.9984567906249999 0.6581196578124999 1 0.665598290625 0.8989197531249999 0.6485042734375 0.8140432093750001 0.5790598296875 0.8148148140625 0.574786325 0.7839506171874999 0.4230769234375 0.781635803125 0.37179487187500004 0.8279320984374999 0.353632478125 0.8626543203124999 0.3920940171875 0.8726851859375
0 0.6688034187499999 0.9675925921875 0.8076923078125 0.9807098765625 0.8920940171874999 0.9745370375 0.897435896875 0.8927469140625 0.8066239312500001 0.8811728390625 0.6666666671875 0.8757716046875 0.6688034187499999 0.9675925921875
0 0.6271367515625 0.5987654328125 0.60042735 0.597222221875 0.5950854703124999 0.5609567906249999 0.5320512828124999 0.5617283953125 0.5064102562499999 0.594135803125 0.490384615625 0.77237654375 0.6121794875 0.7785493828125001 0.6271367515625 0.5987654328125
0 0.6207264953125 0.6226851859375 0.6207264953125 0.7430555562500001 0.603632478125 0.796296296875 0.653846153125 0.8009259265625 0.653846153125 0.8132716046875 0.7115384609375 0.8209876546875 0.7232905984375 0.73919753125 0.722222221875 0.6929012343750001 0.7136752140625 0.6280864203125 0.6207264953125 0.6226851859375
0 0.8910256406249999 0.75 0.8910256406249999 0.6442901234375 0.8450854703124999 0.625 0.7232905984375 0.61033950625 0.72542735 0.7438271609375 0.7115384609375 0.8279320984374999 0.7681623937500001 0.8279320984374999 0.7831196578124999 0.80169753125 0.8301282046875 0.80169753125 0.8910256406249999 0.8109567906249999 0.8910256406249999 0.75
0 0.8514957265625 0.6195987656249999 0.902777778125 0.6334876546875 0.9166666671874999 0.5447530859375 0.8952991453125 0.542438271875 0.900641025 0.4953703703125 0.6132478625 0.4822530859375 0.6132478625 0.5987654328125 0.6367521375 0.6095679015625 0.8514957265625 0.6195987656249999
0 0.896367521875 0.46296296249999996 0.8653846156249999 0.46141975312500005 0.8728632484375 0.40972222187499996 0.6111111109375 0.4035493828125 0.5929487171875001 0.4822530859375 0.896367521875 0.4953703703125 0.896367521875 0.46296296249999996
0 0.6292735046875 0.3171296296875 0.6271367515625 0.3796296296875 0.6634615390625 0.380401234375 0.6634615390625 0.40277777812500004 0.8322649578125001 0.41203703750000004 0.8322649578125001 0.40432098749999995 0.8728632484375 0.40432098749999995 0.8824786328125 0.2986111109375 0.8055555562500001 0.29398148125 0.6645299140625001 0.2862654328125 0.659188034375 0.31327160468750004 0.6292735046875 0.3171296296875
0 0.6420940171875 0.18827160468749998 0.6271367515625 0.2229938265625 0.60576923125 0.2831790125 0.8696581203125 0.2916666671875 0.8675213671875 0.14043209843749999 0.7179487171875001 0.13194444375 0.697649571875 0.16512345625 0.6420940171875 0.18827160468749998