0 0.2370525515625 0.14926297500000002 0.3313023609375 0.15235971718750002 0.473153084375 0.1734175640625 0.485529321875 0.1189149015625 0.3769992390625 0.10528923593749999 0.245620715625 0.10157314531249999 0.2370525515625 0.14926297500000002
0 0.19706778281249998 0.1895206234375 0.31511805000000004 0.198191503125 0.4636329015625 0.2161526078125 0.476009140625 0.1758949578125 0.3313023609375 0.15297906562500002 0.2103960390625 0.14740492968750002 0.19706778281249998 0.1895206234375
0 0.1845184515625 0.23349436406250001 0.311656165625 0.2422778515625 0.4522952296875 0.2591128671875 0.4646714671875 0.21812326093749998 0.315031503125 0.198360415625 0.19689468906250002 0.1925047578125 0.1845184515625 0.23349436406250001
0 0.1676417640625 0.2796076703125 0.300405040625 0.28473137187500003 0.4455445546875 0.30449421718749997 0.45342034218749994 0.26057678281249996 0.308280828125 0.2422778515625 0.1822682265625 0.2356902359375 0.1676417640625 0.2796076703125
0 0.15526552656249998 0.325720978125 0.292529253125 0.3315766359375 0.43316831718750004 0.353535353125 0.4455445546875 0.310349875 0.301530153125 0.2876592 0.16314131406250001 0.280339628125 0.15526552656249998 0.325720978125
0 0.1496399640625 0.36963841249999996 0.2790279015625 0.37329819999999997 0.42191719218749996 0.394524959375 0.4309180921875 0.3564631828125 0.285778578125 0.3345044640625 0.1575157515625 0.3271848921875 0.1496399640625 0.36963841249999996
0 0.1440144015625 0.41209193437499997 0.26440144062500004 0.4186795484375 0.4196669671875 0.43990630937499997 0.43316831718750004 0.39745278906250003 0.270027003125 0.37476211406250004 0.15189018906250001 0.3681744984375 0.1440144015625 0.41209193437499997
0 0.1327632765625 0.4589371984375 0.253150315625 0.458205240625 0.415166515625 0.48748353125 0.4241674171875 0.43990630937499997 0.263276328125 0.41721563437500003 0.1428892890625 0.41209193437499997 0.1327632765625 0.4589371984375
0 0.12038703906249999 0.504318546875 0.2430243015625 0.5057824625 0.41741674062499995 0.5314009656249999 0.42866786562500003 0.49187527500000006 0.253150315625 0.46113307031249995 0.1316381640625 0.46040111250000004 0.12038703906249999 0.504318546875
0 0.1136363640625 0.5511638125 0.2340234015625 0.5504318546875 0.4072907296875 0.567266871875 0.41629162812500003 0.535060753125 0.24639964062500003 0.5072463765624999 0.12151215156249999 0.5072463765624999 0.1136363640625 0.5511638125
0 0.1091359140625 0.5987410343749999 0.257650765625 0.5987410343749999 0.42529252968750003 0.61996779375 0.439918990625 0.571658615625 0.263276328125 0.5533596828125 0.1170117015625 0.5526277265624999 0.1091359140625 0.5987410343749999
0 0.10126012656250001 0.6485141265625 0.27452745312500004 0.649978040625 0.39828982968750004 0.6668130578125 0.4072907296875 0.62362758125 0.25652565156249996 0.599472990625 0.1068856875 0.6002049484375 0.10126012656250001 0.6485141265625
0 0.038253825000000005 0.7736788171875 0.019126912500000003 0.8080808078124999 0.036003600000000004 0.8395549703125 0.1080108 0.8644415171875 0.13051305 0.8219879953125 0.1563906390625 0.78904991875 0.1541404140625 0.772214903125 0.223897390625 0.718050065625 0.23852385312500002 0.6960913484375 0.10238523906250001 0.6638852296875 0.018001800000000002 0.76123554375 0.038253825000000005 0.7736788171875
0 0.16201620156250002 0.7897818765625 0.1136363640625 0.865173475 0.17551755156249998 0.8827404484375 0.22277227656249998 0.8080808078124999 0.225022503125 0.7927097062499999 0.308280828125 0.7187820234375 0.23852385312500002 0.7004830921874999 0.1575157515625 0.772214903125 0.16201620156250002 0.7897818765625
0 0.225022503125 0.8095447218749999 0.1732673265625 0.8856682765624999 0.23177317656250002 0.9046991656250001 0.25652565156249996 0.8629776015624999 0.280153015625 0.8322353984375 0.28127812812499997 0.80661689375 0.361161115625 0.7429366125 0.300405040625 0.7275655109375 0.2295229515625 0.7949055765625 0.225022503125 0.8095447218749999
0 0.285778578125 0.8271116968750001 0.235148515625 0.9046991656250001 0.295904590625 0.91641048125 0.343159315625 0.8446786703125 0.34090909062499997 0.8234519109375 0.427542753125 0.7619675015625 0.361161115625 0.7436685703125 0.286903690625 0.8095447218749999 0.285778578125 0.8271116968750001
0 0.3994149421875 0.845410628125 0.4781728171875 0.781730346875 0.4241674171875 0.7656272875 0.348784878125 0.8234519109375 0.347659765625 0.8432147562500001 0.298154815625 0.9266578828125001 0.354410440625 0.9383691984375 0.38478847968749996 0.9083589515625 0.38478847968749996 0.8988435078125001 0.402790278125 0.8644415171875 0.3994149421875 0.845410628125
0 0.4072907296875 0.8607817296875 0.3870387046875 0.9046991656250001 0.3622862296875 0.9434929000000001 0.4432943296875 0.9625237875 0.5535553546875 0.8080808078124999 0.4826732671875 0.7846581765625 0.40954095468749996 0.8446786703125 0.4072907296875 0.8607817296875
0 0.870837084375 0.849802371875 0.7909540953125 0.8468745421874999 0.7099459953125 0.849802371875 0.59968496875 0.8798126187499999 0.6278127812500001 0.9530083453125 0.8382088203125001 0.91128678125 0.8393339328125 0.8944517640624999 0.883213321875 0.8849363203125 0.870837084375 0.849802371875
0 0.8640864078125 0.8476065 0.8472097218749999 0.800029278125 0.72569756875 0.818328209375 0.6953195328125 0.8161323375 0.59180918125 0.849802371875 0.60418541875 0.876884790625 0.7088208828125 0.8468745421874999 0.8640864078125 0.8476065
0 0.856210621875 0.8007612359375 0.8438343843749999 0.7670912015625 0.67956795625 0.7707509875 0.58055805625 0.800029278125 0.59068406875 0.8468745421874999 0.6975697578125 0.8139364656250001 0.7785778578125 0.8051529796875 0.856210621875 0.8007612359375
0 0.7999549953125 0.7304933390625 0.66381638125 0.7261015953125 0.5636813671875001 0.763431415625 0.5760576046875 0.79710145 0.6829432953125 0.7685551171875 0.8179567953125 0.7626994578125 0.7999549953125 0.7304933390625
0 0.7752025203125 0.7078026640624999 0.8134563453125001 0.7012150484374999 0.8022052203125 0.6748645875 0.6480648062500001 0.685843946875 0.54680468125 0.71585419375 0.5625562562499999 0.759039671875 0.66719171875 0.72463768125 0.7740774078125 0.71951398125 0.7752025203125 0.7078026640624999
0 0.7853285328124999 0.6258234515625001 0.63231323125 0.6411945546875 0.5299279921875 0.6704728453125 0.5479297937500001 0.7129263640625 0.64693969375 0.683648075 0.8044554453125 0.6712048015625001 0.7853285328124999 0.6258234515625001
0 0.73807380625 0.6243595375 0.7830783078125 0.61484409375 0.7740774078125 0.5892255890625 0.61768676875 0.6045966921875 0.5096759671875 0.636070853125 0.5288028796875001 0.6712048015625001 0.63793879375 0.6389986828125 0.7313231328125 0.6324110671875001 0.73807380625 0.6243595375
0 0.5974347437499999 0.5562875125 0.50067506875 0.5870297171875001 0.5164266421875 0.6302151953124999 0.61881188125 0.6009369046875 0.7763276328125001 0.585565803125 0.7605760578125 0.5453081531249999 0.5974347437499999 0.5562875125
0 0.71332133125 0.5460401109374999 0.71557155625 0.535792709375 0.7425742578125 0.5299370515625 0.7346984703125 0.507978334375 0.5783078296874999 0.51529790625 0.4770477046875 0.5496998984375 0.4984248421875 0.5804421015625 0.6008100796875 0.5533596828125 0.71332133125 0.5460401109374999
0 0.7065706578125 0.46772068593749994 0.58280828125 0.4743083 0.5670567046875 0.45308154062500006 0.44779477968750003 0.4816278734375 0.47479747968749997 0.5460401109374999 0.58055805625 0.5109061640625 0.71219621875 0.5072463765624999 0.7065706578125 0.46772068593749994
0 0.6019351937499999 0.43697848125 0.60981098125 0.42233933593749995 0.72682268125 0.43258673593749997 0.7470747078125 0.3725662421875 0.5726822687500001 0.3520714390625 0.4770477046875 0.3498755671875 0.45454545468749996 0.45600936875000003 0.5434293421875 0.45381349687499994 0.5490549062500001 0.4362465234375 0.6019351937499999 0.43697848125
0 0.7481998203125 0.3227931484375 0.59068406875 0.3022983453125 0.4905490546875 0.30083443125 0.48042304218750004 0.34475186562500004 0.5816831687499999 0.3491436109375 0.7324482453125001 0.36963841249999996 0.7481998203125 0.3227931484375
0 0.7470747078125 0.321329234375 0.7583258328125 0.28473137187500003 0.59968496875 0.26570048281249997 0.49392439218749995 0.262040696875 0.48829882968750005 0.2949787734375 0.59405940625 0.300102475 0.7470747078125 0.3227931484375 0.7470747078125 0.321329234375
0 0.7617011703125 0.2422778515625 0.60643564375 0.2195871765625 0.5029252921875 0.21885521875 0.4950495046875 0.25838091093750004 0.6086858687500001 0.2635046109375 0.7549504953125 0.28107158593750003 0.7617011703125 0.2422778515625
0 0.7718271828125001 0.198360415625 0.6221872187499999 0.1785975703125 0.5130513062500001 0.1749377828125 0.5029252921875 0.2151954328125 0.61206120625 0.216659346875 0.7628262828125 0.2378861078125 0.7718271828125001 0.198360415625
0 0.7808280828124999 0.1493192796875 0.62443744375 0.1237007765625 0.5288028796875001 0.1215049046875 0.5153015296875 0.171277996875 0.62443744375 0.1742058265625 0.7684518453125 0.19616454375 0.7808280828124999 0.1493192796875
0 0.7932043203125 0.1054018453125 0.63793879375 0.079783340625 0.53442844375 0.07685551093750001 0.5288028796875001 0.11491728906250001 0.63006300625 0.120772946875 0.7808280828124999 0.1471234078125 0.7932043203125 0.1054018453125
0 0.7695769578125 0.0900307421875 0.8067056703125 0.093690528125 0.8202070203125 0.057092665625000004 0.55018001875 0.024154589062500002 0.53780378125 0.070267896875 0.6424392437499999 0.07758746875 0.7605760578125 0.0988142296875 0.7695769578125 0.0900307421875