0 0.2129629640625 0.17888307187500002 0.20370370312500002 0.23851076249999997 0.46481481562500004 0.237056428125 0.4703703703125 0.146887725 0.253703703125 0.13961605625 0.2518518515625 0.18179173906249999 0.2129629640625 0.17888307187500002
0 0.2555555546875 0.2821407796875 0.2555555546875 0.32722513124999997 0.4629629640625 0.3243164640625 0.46481481562500004 0.23996509531250002 0.2018518515625 0.2341477609375 0.21111111093749999 0.27632344375 0.2555555546875 0.2821407796875
0 0.190740740625 0.35194880781250004 0.1870370359375 0.4013961609375 0.45740740625000004 0.42030250156250004 0.45740740625000004 0.3243164640625 0.2555555546875 0.3184991265625 0.259259259375 0.353403140625 0.190740740625 0.35194880781250004
0 0.1944444453125 0.47411285625 0.2518518515625 0.45811518281249997 0.2518518515625 0.50465386875 0.38333333281250004 0.49011052812499994 0.44629629687500005 0.5075625359375 0.45185185156249996 0.42030250156250004 0.19259259374999999 0.3984874921875 0.1944444453125 0.47411285625
0 0.3740740734375 0.4886561953125 0.222222221875 0.4988365328125 0.22407407343750002 0.5381035484375001 0.17962962968750001 0.54246655 0.1833333328125 0.6050029078125 0.3370370359375 0.5773705640625 0.4388888890625 0.59627690625 0.44444444531249994 0.5075625359375 0.3740740734375 0.4886561953125
0 0.335185184375 0.5700988953125 0.1759259265625 0.5991855734375 0.17962962968750001 0.6384525890625 0.240740740625 0.6282722515625 0.240740740625 0.6646306 0.3740740734375 0.6573589296875 0.44259259375 0.6835369390625 0.435185184375 0.6020942406249999 0.335185184375 0.5700988953125
0 0.3629629640625 0.66172193125 0.235185184375 0.6733566015625 0.222222221875 0.7082606171875 0.1740740734375 0.7068062828125 0.17962962968750001 0.7635253046875 0.3333333328125 0.748981965625 0.43148148124999997 0.7635253046875 0.43333333281249997 0.6922629437500001 0.3629629640625 0.66172193125
0 0.1703703703125 0.754799303125 0.18148148125000002 0.8086096578124999 0.222222221875 0.8042466546875 0.2166666671875 0.831879 0.41481481562500006 0.831879 0.42592592656250006 0.769342640625 0.3203703703125 0.7518906328125 0.1703703703125 0.754799303125
0 0.1629629640625 0.8362420015625001 0.164814815625 0.9220477015625 0.41481481562500006 0.908958696875 0.41851851875 0.8362420015625001 0.1629629640625 0.8362420015625001
0 0.509259259375 0.7678883078125 0.5129629640625 0.86969168125 0.7333333328125 0.8827806859375 0.7370370359375 0.8362420015625001 0.790740740625 0.8362420015625001 0.785185184375 0.77806864375 0.509259259375 0.7678883078125
0 0.7370370359375 0.7242582890625 0.727777778125 0.6835369390625 0.5259259265625 0.6806282718750001 0.522222221875 0.762070971875 0.785185184375 0.772251309375 0.7740740734375 0.7271669578125 0.7370370359375 0.7242582890625
0 0.7333333328125 0.690808609375 0.7351851843749999 0.6544502624999999 0.79259259375 0.6588132625 0.7944444453124999 0.6050029078125 0.5444444453124999 0.5948225703125 0.5296296296875 0.6777196046875 0.6259259265625 0.6733566015625 0.7333333328125 0.690808609375
0 0.7888888890625 0.562827225 0.7444444453125 0.5599185578125 0.7444444453125 0.513379871875 0.63148148125 0.495927865625 0.5574074062500001 0.5090168703125 0.5518518515624999 0.591913903125 0.785185184375 0.6020942406249999 0.7888888890625 0.562827225
0 0.6259259265625 0.495927865625 0.759259259375 0.5162885390625 0.7629629640625 0.4915648640625 0.80740740625 0.4886561953125 0.8018518515625 0.43193717343750004 0.65740740625 0.4130308328125 0.5611111109375 0.427574171875 0.5481481484375 0.5075625359375 0.6259259265625 0.495927865625
0 0.65740740625 0.4101221640625 0.803703703125 0.427574171875 0.8129629640625 0.386852821875 0.7555555546875 0.37521815 0.7629629640625 0.3446771375 0.6351851843749999 0.32722513124999997 0.5574074062500001 0.34613147187500004 0.5611111109375 0.421756834375 0.65740740625 0.4101221640625
0 0.646296296875 0.3243164640625 0.7703703703125 0.33885980312499997 0.7703703703125 0.3112274578125 0.8129629640625 0.3126817921875 0.81851851875 0.2515997671875 0.6629629640625 0.23851076249999997 0.5703703703125 0.25450843437500004 0.559259259375 0.335951134375 0.646296296875 0.3243164640625
0 0.8222222218749999 0.247236765625 0.8166666671874999 0.209424084375 0.7796296296875 0.20069807968750003 0.7740740734375 0.1570680625 0.5722222218749999 0.1541593953125 0.5703703703125 0.247236765625 0.68148148125 0.2341477609375 0.8222222218749999 0.247236765625