0 0.8306709265625001 0.7124125875 0.8479765703125001 0.8100233093749999 0.8320021296875 0.8930652671875 0.8905750796874999 0.890151515625 0.9132055390625 0.80128205 0.8932374875000001 0.7124125875 0.8306709265625001 0.7124125875
0 0.826677315625 0.9018065265624999 0.8466453671874999 0.8100233093749999 0.824014909375 0.7124125875 0.7720979765625 0.7138694640625001 0.7840788062499999 0.7765151515625 0.768104365625 0.897435896875 0.826677315625 0.9018065265624999
0 0.768104365625 0.7094988343749999 0.7135250265625 0.7124125875 0.7308306703125 0.8041958046875 0.7175186375 0.8916083921875 0.76411075625 0.8930652671875 0.7814164015625 0.7939976703125 0.768104365625 0.7094988343749999
0 0.7095314171875 0.898892775 0.7321618734374999 0.80128205 0.7042066015625 0.7109557109375 0.64696485625 0.7109557109375 0.6642705 0.7736013984375 0.65228966875 0.8857808859375 0.7095314171875 0.898892775
0 0.6429712453125 0.7094988343749999 0.5910543125000001 0.7065850828125 0.6096911609375 0.802738928125 0.5937167203125 0.8945221453125001 0.6376464328125 0.9003496500000001 0.657614484375 0.777972028125 0.6429712453125 0.7094988343749999
0 0.5897231109375001 0.8886946375000001 0.6070287546875 0.7998251749999999 0.5830670921875 0.7094988343749999 0.5324813625 0.7080419578125 0.5471246 0.7736013984375 0.5338125671875 0.8799533796875 0.5897231109375001 0.8886946375000001
0 0.5338125671875 0.7124125875 0.47390841406249995 0.715326340625 0.49121405781250005 0.7998251749999999 0.47657081874999996 0.8872377625000001 0.5351437703124999 0.890151515625 0.5471246 0.7808857812500001 0.5338125671875 0.7124125875
0 0.4685835984375 0.8945221453125001 0.48855164999999995 0.8129370625 0.469914803125 0.7109557109375 0.41267305624999995 0.7065850828125 0.4246538859375 0.7706876453125 0.41001065 0.8770396281249999 0.4685835984375 0.8945221453125001
0 0.3580937171875 0.7065850828125 0.36874334375 0.7954545453125 0.36075612343749996 0.884324009375 0.40335463281250006 0.8857808859375 0.42199148124999997 0.7808857812500001 0.411341853125 0.7051282046875 0.3580937171875 0.7065850828125
0 0.352768903125 0.7109557109375 0.2875399359375 0.7080419578125 0.3048455796875 0.775058275 0.29818956406249997 0.884324009375 0.3514377 0.8945221453125001 0.372736953125 0.8056526796875 0.352768903125 0.7109557109375
0 0.2888711390625 0.715326340625 0.23296059531250002 0.7109557109375 0.25159744375000004 0.80128205 0.240947815625 0.8872377625000001 0.29020234375 0.8945221453125001 0.3008519703125 0.7867132859375 0.2888711390625 0.715326340625
0 0.22497337499999998 0.8857808859375 0.252928646875 0.8085664328125001 0.235623003125 0.7124125875 0.1783812578125 0.7138694640625001 0.18769968125 0.7808857812500001 0.1730564421875 0.88141025625 0.22497337499999998 0.8857808859375
0 0.1677316296875 0.890151515625 0.18769968125 0.7808857812500001 0.1690628328125 0.7094988343749999 0.11315228906250001 0.715326340625 0.1344515453125 0.7998251749999999 0.118477103125 0.8886946375000001 0.1677316296875 0.890151515625
0 0.1291267296875 0.80128205 0.10383386562500001 0.7109557109375 0.053248135937499996 0.7094988343749999 0.05457934062499999 0.890151515625 0.1091586796875 0.8916083921875 0.1291267296875 0.80128205
0 0.7880724171875 0.6148018656249999 0.7707667734375 0.7094988343749999 0.850638978125 0.700757575 0.8599574015625 0.6118881125 0.8253461140624999 0.515734265625 0.777422790625 0.5230186484375 0.7880724171875 0.6148018656249999
0 0.777422790625 0.5259324000000001 0.7108626203124999 0.5259324000000001 0.7268370609375 0.6046037296875 0.7135250265625 0.7051282046875 0.77342918125 0.7080419578125 0.7867412140625001 0.6177156171875 0.777422790625 0.5259324000000001
0 0.7161874328125 0.5230186484375 0.6509584671875001 0.527389278125 0.6629392968750001 0.627913753125 0.6562832796875 0.700757575 0.7121938234375 0.703671328125 0.724174653125 0.6177156171875 0.7161874328125 0.5230186484375
0 0.6549520765625 0.6993007 0.6629392968750001 0.616258740625 0.6562832796875 0.527389278125 0.5937167203125 0.528846153125 0.60835995625 0.6118881125 0.5950479234375 0.6978438234375 0.6549520765625 0.6993007
0 0.5950479234375 0.700757575 0.6070287546875 0.6148018656249999 0.5910543125000001 0.5259324000000001 0.5364749734375 0.527389278125 0.5457933984375 0.6410256421875 0.5324813625 0.6993007 0.5950479234375 0.700757575
0 0.5364749734375 0.703671328125 0.543130990625 0.622086246875 0.5324813625 0.5259324000000001 0.472577209375 0.5259324000000001 0.48588924375 0.6104312359375 0.47390841406249995 0.6978438234375 0.5364749734375 0.703671328125
0 0.46725239687500003 0.7022144531250001 0.47790202343750005 0.616258740625 0.4685835984375 0.5244755249999999 0.4140042609375 0.5230186484375 0.4179978703125 0.6381118875 0.41267305624999995 0.7022144531250001 0.46725239687500003 0.7022144531250001
0 0.411341853125 0.5230186484375 0.350106496875 0.5244755249999999 0.3647497328125 0.6075174828125001 0.35410010625 0.6993007 0.4086794453125 0.703671328125 0.4206602765625 0.6235431234375 0.411341853125 0.5230186484375
0 0.35410010625 0.527389278125 0.2995207671875 0.527389278125 0.3021831734375 0.6293706296875 0.2928647484375 0.6993007 0.350106496875 0.700757575 0.3700745484375 0.6191724953125 0.35410010625 0.527389278125
0 0.294195953125 0.5303030296875 0.23162939374999997 0.5201048953125 0.24627263125 0.6118881125 0.23828541093750003 0.6949300703125 0.294195953125 0.6949300703125 0.3035143765625 0.622086246875 0.294195953125 0.5303030296875
0 0.23296059531250002 0.5332167828125 0.177050053125 0.5230186484375 0.1850372734375 0.6381118875 0.177050053125 0.6934731937499999 0.2342918 0.6978438234375 0.25026624062499997 0.6191724953125 0.23296059531250002 0.5332167828125
0 0.1783812578125 0.528846153125 0.11581469687499998 0.5244755249999999 0.130457934375 0.6075174828125001 0.1171459 0.6934731937499999 0.177050053125 0.6978438234375 0.1890308828125 0.633741259375 0.1783812578125 0.528846153125
0 0.1171459 0.7022144531250001 0.1291267296875 0.6104312359375 0.11448349375 0.5201048953125 0.059904153125000005 0.5244755249999999 0.0678913734375 0.60606060625 0.0465921203125 0.6949300703125 0.1171459 0.7022144531250001
0 0.6642705 0.2170745921875 0.6562832796875 0.2986596734375 0.7108626203124999 0.297202796875 0.72018104375 0.21998834375 0.706869009375 0.14277389375 0.6549520765625 0.134032634375 0.6642705 0.2170745921875
0 0.6562832796875 0.1267482515625 0.5897231109375001 0.1165501171875 0.60303514375 0.1835664328125 0.59771033125 0.2899184140625 0.6562832796875 0.2913752921875 0.6682641109375 0.2243589734375 0.6562832796875 0.1267482515625
0 0.5910543125000001 0.11800699375000001 0.5284877531250001 0.1121794875 0.543130990625 0.209790209375 0.5338125671875 0.2913752921875 0.5897231109375001 0.30157342656249997 0.60303514375 0.199592075 0.5910543125000001 0.11800699375000001
0 0.5338125671875 0.30594405625 0.5457933984375 0.20687645625 0.525825346875 0.12237762187500001 0.47124600625 0.11800699375000001 0.4832268375 0.1806526796875 0.47124600625 0.2928321671875 0.5338125671875 0.30594405625
0 0.472577209375 0.11946386875 0.4140042609375 0.1136363640625 0.42864749687500003 0.20541957968750002 0.41267305624999995 0.29428904375 0.4632587859375 0.3044871796875 0.4805644296875 0.19522144531250002 0.472577209375 0.11946386875
0 0.3506770125 0.2947052953125 0.41001065 0.30594405625 0.42199148124999997 0.208333334375 0.4086794453125 0.12237762187500001 0.3514377 0.11946386875 0.362087328125 0.1864801875 0.3506770125 0.2947052953125
0 0.35410010625 0.11946386875 0.296858359375 0.11509323906249999 0.3075079875 0.20687645625 0.2928647484375 0.30011655 0.3461128859375 0.3044871796875 0.3647497328125 0.198135196875 0.35410010625 0.11946386875
0 0.29020234375 0.31177156093749997 0.3048455796875 0.2025058265625 0.291533546875 0.1165501171875 0.23695420625 0.12092074687500001 0.2396166140625 0.185023309375 0.223642171875 0.30011655 0.29020234375 0.31177156093749997
0 0.23296059531250002 0.11800699375000001 0.177050053125 0.11509323906249999 0.1890308828125 0.20687645625 0.1730564421875 0.3044871796875 0.218317359375 0.30740093125 0.2436102234375 0.19376456875 0.23296059531250002 0.11800699375000001
0 0.17172523906249998 0.12237762187500001 0.11581469687499998 0.11509323906249999 0.1291267296875 0.2127039640625 0.118477103125 0.30157342656249997 0.1730564421875 0.30885780937499996 0.1890308828125 0.2141608390625 0.17172523906249998 0.12237762187500001
0 0.06123535625 0.12237762187500001 0.05857295 0.30011655 0.10649627343750001 0.297202796875 0.126464325 0.2141608390625 0.1078274765625 0.12092074687500001 0.06123535625 0.12237762187500001