0 0.198387096875 0.326865671875 0.13709677343749999 0.320895521875 0.1338709671875 0.377611940625 0.2645161296875 0.3895522390625 0.27096774218749997 0.30895522343750004 0.20322580625 0.29552238750000004 0.198387096875 0.326865671875
0 0.15 0.222388059375 0.13870967812499999 0.271641790625 0.2758064515625 0.29552238750000004 0.2774193546875 0.21492537343749998 0.21129032187500002 0.20149253749999999 0.20322580625 0.229850746875 0.15 0.222388059375
0 0.1338709671875 0.129850746875 0.1322580640625 0.1850746265625 0.2870967734375 0.19402985 0.291935484375 0.125373134375 0.22258064531250002 0.10597015000000001 0.22258064531250002 0.1358208953125 0.1338709671875 0.129850746875
0 0.1774193546875 0.041791045312500004 0.1661290328125 0.0910447765625 0.3 0.10149253750000001 0.29516129062499996 0.022388059374999998 0.2322580640625 0.019402984374999998 0.2290322578125 0.04776119375 0.1774193546875 0.041791045312500004
0 0.37580645156250003 0.3134328359375 0.2854838703125 0.3014925375 0.2790322578125 0.3865671640625 0.4129032265625 0.3910447765625 0.42580645156249997 0.34179104531250004 0.3790322578125 0.33582089531250003 0.37580645156250003 0.3134328359375
0 0.39032258125 0.222388059375 0.3 0.2164179109375 0.2870967734375 0.2910447765625 0.43387096718749996 0.297014925 0.4290322578125 0.25223880625 0.3822580640625 0.25074626875 0.39032258125 0.222388059375
0 0.311290321875 0.123880596875 0.30645161249999997 0.1985074625 0.44516129062500004 0.20597015000000002 0.45322580625000003 0.15373134375 0.37419354843749997 0.15074626875 0.3709677421875 0.123880596875 0.311290321875 0.123880596875
0 0.3193548390625 0.0313432828125 0.31290322656249997 0.1 0.43225806406249995 0.1089552234375 0.44032258124999996 0.0671641796875 0.39677419375 0.0611940296875 0.39677419375 0.0388059703125 0.3193548390625 0.0313432828125
0 0.5838709671875 0.3641791046875 0.5838709671875 0.4179104484375 0.7225806453125 0.423880596875 0.7258064515625 0.34776119375 0.65322580625 0.34776119375 0.645161290625 0.37164179062499997 0.5838709671875 0.3641791046875
0 0.7435483875 0.35373134375 0.7354838703125 0.4328358203125 0.895161290625 0.44179104531249996 0.8935483874999999 0.3865671640625 0.8129032265625 0.3910447765625 0.8129032265625 0.3567164171875 0.7435483875 0.35373134375
0 0.7322580640624999 0.2597014921875 0.738709678125 0.3313432828125 0.89677419375 0.3432835828125 0.901612903125 0.3 0.8661290328125 0.29402985 0.8661290328125 0.2611940296875 0.7322580640624999 0.2597014921875
0 0.6709677421875 0.24925373125 0.6677419359375001 0.270149253125 0.5645161296875 0.2686567171875 0.55967741875 0.3149253734375 0.7370967734375 0.32835820937500004 0.7274193546875 0.2626865671875 0.6709677421875 0.24925373125
0 0.6064516125 0.1850746265625 0.60322580625 0.226865671875 0.7322580640624999 0.2343283578125 0.7354838703125 0.1656716421875 0.654838709375 0.16119402968750002 0.6661290328125 0.1835820890625 0.6064516125 0.1850746265625
0 0.8370967734375 0.17462686562500002 0.75322580625 0.1686567171875 0.7564516125 0.2417910453125 0.8983870968750001 0.2567164171875 0.901612903125 0.20597015000000002 0.8370967734375 0.1955223875 0.8370967734375 0.17462686562500002
0 0.8516129031249999 0.10447761250000001 0.85322580625 0.0820895515625 0.7725806453125 0.07164179062500001 0.75967741875 0.13283582031250002 0.9209677421875 0.1567164171875 0.9209677421875 0.1149253734375 0.8516129031249999 0.10447761250000001
0 0.6870967734375 0.0820895515625 0.6161290328125 0.0820895515625 0.604838709375 0.126865671875 0.74032258125 0.14626865625000002 0.745161290625 0.070149253125 0.6935483875 0.0611940296875 0.6870967734375 0.0820895515625
0 0.754838709375 0.04925373125 0.911290321875 0.070149253125 0.9290322578125 0.023880596875 0.84677419375 0.002985075 0.7774193546875 0 0.754838709375 0.04925373125
0 0.75967741875 0 0.6338709671875 0.0044776125 0.6241935484375001 0.041791045312500004 0.7629032265625 0.052238806250000006 0.75967741875 0
0 0.23387096718749997 0.7119402984375001 0.24354838750000002 0.574626865625 0.188709678125 0.571641790625 0.17580645156250002 0.7119402984375001 0.23387096718749997 0.7119402984375001
0 0.25322580625 0.574626865625 0.24032258125 0.7119402984375001 0.28064516093749997 0.7179104484375001 0.29677419375 0.5820895515625 0.25322580625 0.574626865625
0 0.2935483875 0.574626865625 0.2870967734375 0.726865671875 0.3354838703125 0.726865671875 0.35 0.5865671640625 0.2935483875 0.574626865625
0 0.35 0.5865671640625 0.3354838703125 0.728358209375 0.38387096718749997 0.728358209375 0.4 0.5895522390625 0.35 0.5865671640625
0 0.395161290625 0.5895522390625 0.38387096718749997 0.729850746875 0.4354838703125 0.7402985078125 0.44032258124999996 0.5895522390625 0.395161290625 0.5895522390625
0 0.5016129031250001 0.59402985 0.48225806406249994 0.7402985078125 0.554838709375 0.7477611937499999 0.5645161296875 0.59402985 0.5016129031250001 0.59402985
0 0.55967741875 0.5955223875 0.554838709375 0.7507462687500001 0.6064516125 0.75373134375 0.6129032265625 0.6014925375 0.55967741875 0.5955223875
0 0.6129032265625 0.5970149250000001 0.608064515625 0.7522388062500001 0.65322580625 0.7611940296874999 0.6661290328125 0.6044776125 0.6129032265625 0.5970149250000001
0 0.6612903218749999 0.60597015 0.65322580625 0.7611940296874999 0.7 0.7671641796875 0.7080645156250001 0.6134328359375 0.6612903218749999 0.60597015
0 0.7064516125 0.6074626859375 0.7 0.7686567171875 0.75967741875 0.7686567171875 0.758064515625 0.6149253734375 0.7064516125 0.6074626859375
0 0.2145161296875 0.7343283578124999 0.2 0.8761194031249999 0.251612903125 0.880597015625 0.2741935484375 0.7432835828125001 0.2145161296875 0.7343283578124999
0 0.2661290328125 0.7417910453125 0.25967741875 0.877611940625 0.30645161249999997 0.8910447765624999 0.3225806453125 0.7477611937499999 0.2661290328125 0.7417910453125
0 0.3209677421875 0.74477611875 0.30806451562500003 0.8925373140625 0.35967741875 0.9 0.3677419359375 0.7477611937499999 0.3209677421875 0.74477611875
0 0.3693548390625 0.74626865625 0.358064515625 0.8940298500000001 0.404838709375 0.9074626859375 0.4193548390625 0.7492537312499999 0.3693548390625 0.74626865625
0 0.4193548390625 0.75373134375 0.41774193593750003 0.9044776125 0.45967741875 0.9014925375 0.4709677421875 0.7507462687500001 0.4193548390625 0.75373134375
0 0.4693548390625 0.75373134375 0.45967741875 0.9 0.511290321875 0.9149253734375 0.5177419359375001 0.7582089546875 0.4693548390625 0.75373134375
0 0.511290321875 0.7626865671874999 0.5129032265625 0.9104477609374999 0.554838709375 0.9179104484374999 0.5661290328125 0.7626865671874999 0.511290321875 0.7626865671874999
0 0.55967741875 0.7686567171875 0.558064515625 0.9149253734375 0.604838709375 0.9208955218750001 0.6177419359375 0.770149253125 0.55967741875 0.7686567171875
0 0.6129032265625 0.7686567171875 0.611290321875 0.9208955218750001 0.65322580625 0.9298507468749999 0.6709677421875 0.7820895515624999 0.6129032265625 0.7686567171875