0 0.653846153125 0.5239477515625001 0.627884615625 0.5239477515625001 0.628846153125 0.4499274296875 0.51923076875 0.46444121875000005 0.5298076921875 0.6211901296875 0.651923078125 0.5994194484375 0.653846153125 0.5239477515625001
0 0.9067307687499999 0.8809869375 0.9 0.7314949203125 0.7759615390625 0.7460087078125001 0.785576921875 0.8606676343749999 0.8442307687499999 0.8563134984375 0.85576923125 0.8867924531250001 0.9067307687499999 0.8809869375
0 0.8903846156249999 0.70682148125 0.8846153843750001 0.5921625546875 0.7634615390625 0.60232220625 0.765384615625 0.7242380265625 0.8903846156249999 0.70682148125
0 0.7951923078124999 0.41074020312500004 0.796153846875 0.45718432499999995 0.733653846875 0.4687953546875 0.728846153125 0.5210449921875 0.7278846156250001 0.589259796875 0.86826923125 0.5573294625 0.86826923125 0.5181422359375001 0.8884615390624999 0.5123367203125 0.8596153843750001 0.38751814218749997 0.8326923078125 0.39332365625 0.7951923078124999 0.41074020312500004
0 0.528846153125 0.6632801171875 0.541346153125 0.7576197390625 0.6653846156250001 0.7271407828124999 0.658653846875 0.63570391875 0.528846153125 0.6632801171875
0 0.5423076921875001 0.801161103125 0.547115384375 0.9027576187499999 0.691346153125 0.8795355578124999 0.683653846875 0.7880986937500001 0.5423076921875001 0.801161103125
0 0.4048076921875 0.6850507984374999 0.40576923125000003 0.7721335265625 0.527884615625 0.760522496875 0.51826923125 0.6603773578125 0.4048076921875 0.6850507984374999
0 0.385576921875 0.5399129171875 0.39519230781250003 0.6400580546875 0.5173076921875001 0.6139332359375 0.509615384375 0.5137880984375001 0.385576921875 0.5399129171875
0 0.4076923078125 0.8098693750000001 0.4115384609375 0.9216255437499999 0.5384615390625 0.912917271875 0.5259615390625 0.801161103125 0.4076923078125 0.8098693750000001
0 0.214423078125 0.8403483296875001 0.2240384609375 0.94484760625 0.2634615390625 0.946298984375 0.273076921875 0.9898403484375 0.3009615390625 0.984034834375 0.3048076921875 0.931785196875 0.334615384375 0.9172714078125 0.3259615390625 0.815674890625 0.214423078125 0.8403483296875001
0 0.19807692187499998 0.7213352671875 0.2134615390625 0.8417997093749999 0.3259615390625 0.796806965625 0.31057692187499997 0.6981132078125001 0.19807692187499998 0.7213352671875
0 0.0826923078125 0.8621190125 0.090384615625 0.9637155296875 0.2125 0.9477503625000001 0.2048076921875 0.8432510890625 0.0826923078125 0.8621190125
0 0.078846153125 0.7329462984374999 0.091346153125 0.8403483296875001 0.19807692187499998 0.8301886796875 0.189423078125 0.7082728578124999 0.078846153125 0.7329462984374999
0 0.296153846875 0.686502178125 0.30673076875 0.580551525 0.1990384609375 0.589259796875 0.20673076875000002 0.70246734375 0.296153846875 0.686502178125
0 0.19326923125 0.7053701015625 0.1826923078125 0.5950653109374999 0.066346153125 0.6037735843750001 0.0701923078125 0.6981132078125001 0.10673076875000001 0.7053701015625 0.19326923125 0.7053701015625
0 0.301923078125 0.56458635625 0.3048076921875 0.4600870828125 0.2 0.458635703125 0.19615384687499998 0.5863570390625 0.301923078125 0.56458635625
0 0.096153846875 0.574746009375 0.10096153906250001 0.590711175 0.18076923125 0.5820029015625 0.1759615390625 0.47169811250000004 0.06923076875 0.484760521875 0.06923076875 0.5660377359375001 0.096153846875 0.574746009375
0 0.18076923125 0.3497822921875 0.19423076875 0.444121915625 0.2509615390625 0.45283018906250005 0.2990384609375 0.43541364375 0.296153846875 0.33526850625 0.18076923125 0.3497822921875
0 0.0615384609375 0.4078374453125 0.064423078125 0.43976777968749997 0.09423076875 0.4470246734375 0.1 0.46444121875000005 0.1701923078125 0.45137880937499997 0.1701923078125 0.351233671875 0.066346153125 0.3657474609375 0.0615384609375 0.4078374453125
0 0.308653846875 0.3047895515625 0.30384615312499996 0.19738751875 0.18173076875 0.20899854843750001 0.185576921875 0.3396226421875 0.266346153125 0.3338171265625 0.272115384375 0.313497821875 0.308653846875 0.3047895515625
0 0.05 0.2278664734375 0.05 0.3193033375 0.08653846093749999 0.3193033375 0.0875 0.33526850625 0.1115384609375 0.329462990625 0.1115384609375 0.343976778125 0.177884615625 0.34542815625 0.171153846875 0.206095790625 0.05 0.2278664734375
0 0.172115384375 0.103047896875 0.177884615625 0.20899854843750001 0.2884615390625 0.191582003125 0.26923076875 0.09724238125 0.241346153125 0.087082728125 0.172115384375 0.103047896875
0 0.050961539062500005 0.12336719843749999 0.0548076921875 0.22351233593750003 0.1615384609375 0.206095790625 0.153846153125 0.094339621875 0.076923078125 0.103047896875 0.075 0.12626995624999998 0.050961539062500005 0.12336719843749999