0 0.16733009062499998 0.1447729359375 0.1363703375 0.1386772328125 0.13489606406250002 0.3962206625 0.18649564999999999 0.40536421718750004 0.1982898421875 0.277354465625 0.1894442 0.19506248125 0.173964321875 0.185918928125 0.16733009062499998 0.1447729359375
0 0.2439923328125 0.2743066140625 0.23662096406250002 0.1737275234375 0.2189296765625 0.1706796703125 0.2211410875 0.1386772328125 0.1901813359375 0.14172508281250001 0.190918471875 0.1874428515625 0.1997641171875 0.2743066140625 0.1901813359375 0.3962206625 0.23072386875 0.39469673906249997 0.2439923328125 0.2743066140625
0 0.241780921875 0.281926240625 0.23662096406250002 0.399268515625 0.276426359375 0.3962206625 0.285272003125 0.2758305390625 0.2742149484375 0.16763181875 0.2373581015625 0.16915574687499998 0.241780921875 0.281926240625
0 0.3213917140625 0.1782992984375 0.3044375640625 0.1767753734375 0.29559192031250003 0.14172508281250001 0.26979212812500003 0.1386772328125 0.2882205515625 0.2743066140625 0.2830605921875 0.397744590625 0.31623175625 0.3962206625 0.3339230421875 0.2727826890625 0.3213917140625 0.1782992984375
0 0.363408521875 0.15086863749999999 0.3346601796875 0.1523925625 0.3346601796875 0.1752514484375 0.32507739999999996 0.1920146296875 0.336134453125 0.280402315625 0.32507739999999996 0.40079244062499997 0.36635706875 0.397744590625 0.37520271250000004 0.2712587609375 0.363408521875 0.15086863749999999
0 0.40763673906250003 0.18134714999999998 0.3862597671875 0.185918928125 0.38331121874999996 0.1554404140625 0.36635706875 0.15086863749999999 0.379625534375 0.28649801875 0.370779890625 0.397744590625 0.4127966984375 0.399268515625 0.422379478125 0.27887839062499997 0.40763673906250003 0.18134714999999998
0 0.4592363265625 0.4221273984375 0.46660769531249996 0.28345016875 0.44523072499999994 0.15086863749999999 0.42164234062499995 0.1493447125 0.41869379375 0.19811033125 0.413533834375 0.20268210937500003 0.42311661562499997 0.28649801875 0.41869379375 0.40079244062499997 0.43417366875 0.397744590625 0.431225121875 0.417555625 0.4592363265625 0.4221273984375
0 0.5012531328125001 0.40079244062499997 0.5130473249999999 0.2758305390625 0.5027274078125 0.1904907046875 0.482824709375 0.1874428515625 0.46660769531249996 0.14172508281250001 0.44523072499999994 0.1478207875 0.4570249140625 0.21182566249999998 0.46660769531249996 0.2148735125 0.47103051718750005 0.2880219453125 0.4636591484375 0.4068881453125 0.5012531328125001 0.40079244062499997
0 0.5137844609375 0.1630600421875 0.50346454375 0.20572996093749998 0.5123101859375 0.2925937203125 0.5093616390625 0.399268515625 0.549904171875 0.399268515625 0.5565384046874999 0.280402315625 0.5447442125 0.1569643390625 0.5137844609375 0.1630600421875
0 0.5904467062500001 0.1874428515625 0.5609612265624999 0.182871075 0.5661211859375 0.1615361171875 0.5476927625 0.1554404140625 0.5580126796875 0.280402315625 0.5521155828125 0.4038402921875 0.5963438 0.4038402921875 0.6022408953125 0.2727826890625 0.5904467062500001 0.1874428515625
0 0.602978034375 0.1706796703125 0.5956066640625 0.19811033125 0.602978034375 0.2925937203125 0.5963438 0.4068881453125 0.6383606078125 0.40536421718750004 0.6390977437500001 0.280402315625 0.627303553125 0.16915574687499998 0.602978034375 0.1706796703125
0 0.68996019375 0.2880219453125 0.678903140625 0.1935385546875 0.6545776203125 0.1935385546875 0.6531033468749999 0.1630600421875 0.627303553125 0.1600121921875 0.6346749218750001 0.2224931421875 0.6449948390625 0.295641571875 0.63983488125 0.412983846875 0.6833259625 0.41145992031249995 0.68996019375 0.2880219453125
0 0.69143446875 0.28649801875 0.6884859203125 0.414507771875 0.7231313578125 0.41907955 0.7305027265625 0.2941176484375 0.72460563125 0.1737275234375 0.6840630984375 0.179823225 0.69143446875 0.28649801875
0 0.746719740625 0.19811033125 0.7474568765625 0.1600121921875 0.7209199468749999 0.1554404140625 0.7349255484375 0.295641571875 0.7319770015625 0.414507771875 0.76883385 0.417555625 0.7784166296875 0.2895458703125 0.7710452609375 0.19811033125 0.746719740625 0.19811033125
0 0.773256671875 0.1249619015625 0.77694235625 0.444986284375 0.8617131062500001 0.44955806249999997 0.8587645593750001 0.3733617796875 0.8418104078124999 0.368790003125 0.8337019015625 0.13410545625 0.773256671875 0.1249619015625
0 0.23072386875 0.48918012656250004 0.17838714375 0.4876562015625 0.17838714375 0.7177689734375 0.22998673125 0.7208168234375 0.24251805937499998 0.58518744375 0.23072386875 0.48918012656250004
0 0.2329352796875 0.7101493453125001 0.27347781250000003 0.7055775671875 0.2845348671875 0.58518744375 0.2720035390625 0.49527583125 0.22998673125 0.49375190468749997 0.241780921875 0.579091740625 0.2329352796875 0.7101493453125001
0 0.277900634375 0.6994818656249999 0.319917440625 0.7101493453125001 0.3309744953125 0.5897592203124999 0.3177060296875 0.49375190468749997 0.276426359375 0.4846083515625 0.2874834140625 0.5928070703125 0.277900634375 0.6994818656249999
0 0.319917440625 0.6994818656249999 0.3656199328125 0.7101493453125001 0.372254165625 0.5928070703125 0.36193424687500003 0.49222797968750004 0.319180303125 0.49527583125 0.328763084375 0.580615665625 0.319917440625 0.6994818656249999
0 0.40763673906250003 0.71167326875 0.41943092968749995 0.5912831453125 0.4127966984375 0.48918012656250004 0.3656199328125 0.4907040546875 0.37593985 0.58518744375 0.371517028125 0.7101493453125001 0.40763673906250003 0.71167326875
0 0.42164234062499995 0.594330996875 0.41721951874999996 0.71167326875 0.4584991890625 0.701005790625 0.465870559375 0.582139590625 0.454813503125 0.48308442500000004 0.414270971875 0.4846083515625 0.42164234062499995 0.594330996875
0 0.4621848734375 0.713197196875 0.5049388171875 0.7269125265625 0.5123101859375 0.5912831453125 0.4975674484375 0.48156049999999995 0.4555506421875 0.4861322765625 0.46881910624999995 0.5867113671874999 0.4621848734375 0.713197196875
0 0.5064130921875 0.7086254203125 0.5454813515625 0.7208168234375 0.55580126875 0.579091740625 0.5469556234375 0.4907040546875 0.5027274078125 0.4861322765625 0.5108359140625 0.58366351875 0.5064130921875 0.7086254203125
0 0.5580126796875 0.7284364531249999 0.592658115625 0.733008228125 0.6007666234375 0.6034745499999999 0.583812471875 0.5059433109375 0.5454813515625 0.49679975625 0.5580126796875 0.5928070703125 0.5580126796875 0.7284364531249999
0 0.5970809375 0.7238646765625 0.6339377859375 0.733008228125 0.63983488125 0.595854921875 0.627303553125 0.5074672359375 0.5867610203125 0.5089911609375 0.602978034375 0.5897592203124999 0.5970809375 0.7238646765625
0 0.635412059375 0.7360560796875 0.6730060453125 0.7421517828125 0.68996019375 0.6004267 0.6730060453125 0.49984760625 0.6317263750000001 0.5028954578125 0.6435205671875 0.594330996875 0.635412059375 0.7360560796875
0 0.6825888250000001 0.7269125265625 0.7157599890624999 0.7360560796875 0.7305027265625 0.601950625 0.7209199468749999 0.49984760625 0.6781660031250001 0.49222797968750004 0.6892230578125 0.595854921875 0.6825888250000001 0.7269125265625
0 0.7223942203125 0.7391039328125 0.767359575 0.745199634375 0.7784166296875 0.61566595625 0.75777679375 0.49984760625 0.7238684953125001 0.5105150875 0.737136959375 0.6004267 0.7223942203125 0.7391039328125
0 0.8182220250000001 0.71167326875 0.816010615625 0.49679975625 0.772519534375 0.5074672359375 0.7821023140625 0.6004267 0.77546808125 0.7055775671875 0.8182220250000001 0.71167326875