0 0.0819757734375 0.0984212625 0.170217209375 0.1039168671875 0.170217209375 0.063948840625 0.0861528828125 0.054956034375 0.0819757734375 0.0984212625
0 0.075710109375 0.09992006406250001 0.07623224687499999 0.131894484375 0.1691729328125 0.1378896875 0.1738721796875 0.1044164671875 0.075710109375 0.09992006406250001
0 0.07466583125000001 0.131894484375 0.0730994140625 0.16786570781250001 0.1665622390625 0.1738609109375 0.1707393484375 0.1393884890625 0.07466583125000001 0.131894484375
0 0.0684001671875 0.16786570781250001 0.0694444453125 0.201838528125 0.16290726875 0.20833333281250002 0.1670843765625 0.1753597125 0.0684001671875 0.16786570781250001
0 0.0720551375 0.20333732968749998 0.0699665828125 0.24130695468750002 0.15977443593750001 0.24330535625 0.1639515453125 0.21033173437500002 0.0720551375 0.20333732968749998
0 0.156119465625 0.278277378125 0.15768588125 0.24330535625 0.062134503125 0.2403077546875 0.0616123640625 0.28427258125 0.137322471875 0.2872701828125 0.156119465625 0.278277378125
0 0.313805346875 0.1483812953125 0.31693817968750004 0.103417265625 0.211466165625 0.09742206249999999 0.2067669171875 0.140887290625 0.313805346875 0.1483812953125
0 0.3148496234375 0.1818545171875 0.31798245625 0.1473820953125 0.20833333281250002 0.1393884890625 0.20520050156249997 0.1728617109375 0.3148496234375 0.1818545171875
0 0.310672515625 0.2183253390625 0.3158939015625 0.18235411562499998 0.203111946875 0.1763589125 0.20206766874999998 0.21183053593749998 0.310672515625 0.2183253390625
0 0.3075396828125 0.2527977609375 0.31328320781249996 0.2163269390625 0.203111946875 0.21033173437500002 0.197890559375 0.24580335781249998 0.3075396828125 0.2527977609375
0 0.30179615625 0.28377298125 0.30022974062499996 0.2473021578125 0.20102339218749998 0.2468025578125 0.20206766874999998 0.273281375 0.215643275 0.2847721828125 0.30179615625 0.28377298125
0 0.40570175468749997 0.15087929687499999 0.49342105312499995 0.1583733015625 0.498642440625 0.08743005625 0.45634920625 0.08792965625 0.45321637499999995 0.10891286874999999 0.41092314218750003 0.10891286874999999 0.40570175468749997 0.15087929687499999
0 0.408312446875 0.15287769843750001 0.407790309375 0.1888489203125 0.49133249687499997 0.1923461234375 0.4944653296875 0.1563749 0.408312446875 0.15287769843750001
0 0.405179615625 0.191346921875 0.40622389375 0.2233213421875 0.4887218046875 0.2263189453125 0.48976608125 0.193844925 0.405179615625 0.191346921875
0 0.405179615625 0.22432054375 0.4036132 0.257793765625 0.48558897187500005 0.2612909671875 0.4887218046875 0.2273181453125 0.405179615625 0.22432054375
0 0.407790309375 0.25929256562499997 0.4041353390625 0.2952637890625 0.48402255624999996 0.2942645890625 0.48558897187500005 0.2622901671875 0.407790309375 0.25929256562499997
0 0.536236425 0.12490007968750001 0.646929825 0.1303956828125 0.645885546875 0.091926459375 0.5414578109375 0.0804356515625 0.536236425 0.12490007968750001
0 0.534670009375 0.1234012796875 0.5351921468749999 0.1598721015625 0.646929825 0.16636690625 0.6490183796875 0.1293964828125 0.534670009375 0.1234012796875
0 0.5299707609375 0.160371703125 0.5320593140625001 0.193844925 0.6396198828124999 0.200839328125 0.643274853125 0.16736610624999998 0.5299707609375 0.160371703125
0 0.5325814531249999 0.1918465234375 0.5299707609375 0.228317346875 0.637531328125 0.23531175000000001 0.640142021875 0.201838528125 0.5325814531249999 0.1918465234375
0 0.5294486218750001 0.228317346875 0.5263157890625 0.2617905671875 0.6354427734375 0.2652877703125 0.6380534671875 0.2363109515625 0.5294486218750001 0.228317346875
0 0.523705096875 0.258293365625 0.5231829578125 0.30275779375 0.62238930625 0.30775379687500004 0.6270885546875 0.2612909671875 0.523705096875 0.258293365625
0 0.82165698125 0.14606164531250002 0.8262032843749999 0.1044014515625 0.8006740406249999 0.10155718124999999 0.7985757453125 0.0893435484375 0.771822496875 0.08967816875 0.7571344390625 0.0988802203125 0.7202235765625 0.10007572499999999 0.71988971875 0.13602304375000002 0.7400648453125 0.1355473484375 0.73902056875 0.142541753125 0.82165698125 0.14606164531250002
0 0.7410475171875001 0.1723293171875 0.7385995078125001 0.17734861875000002 0.819405578125 0.1798444671875 0.823060546875 0.14587164531250002 0.7193651453125 0.141376965625 0.7154999796875 0.17285006249999998 0.7410475171875001 0.1723293171875
0 0.736228496875 0.204316353125 0.7371792640625 0.211828515625 0.819248546875 0.214807959375 0.819248546875 0.1808351375 0.713905978125 0.174769275 0.7126451078125 0.20437170937500002 0.736228496875 0.204316353125
0 0.7356933999999999 0.24080735312499998 0.7362155390625 0.2483013578125 0.819757728125 0.24880095937500002 0.822890559375 0.21782573906249997 0.7074979109374999 0.21083133437499998 0.7101086046875 0.24080735312499998 0.7356933999999999 0.24080735312499998
0 0.70579675 0.2440628140625 0.7021586234375 0.278873675 0.734497534375 0.2761661640625 0.7328805890625001 0.2815811875 0.812515159375 0.286609421875 0.814940578125 0.2510249875 0.7373271890625 0.24599675 0.70579675 0.2440628140625
0 0.7316678796875 0.27771331250000003 0.73085940625 0.2815811875 0.7078179328124999 0.2819679734375 0.7090306421875 0.3113638125 0.7316678796875 0.309429875 0.7332848249999999 0.3163920484375 0.814940578125 0.319099559375 0.816557521875 0.286609421875 0.7316678796875 0.27771331250000003
0 0.7324763515625 0.3434671625 0.7304551703125 0.3519764828125 0.8129193953125 0.3527500578125 0.81574905 0.319099559375 0.7041798046875 0.3117506 0.7025628578124999 0.3454010984375 0.7324763515625 0.3434671625
0 0.7025628578124999 0.35236327031250003 0.7021586234375 0.38717413125 0.8080685593749999 0.38949485625 0.812515159375 0.3531368453125 0.7300509328125 0.34849539687500003 0.7296466984375 0.3531368453125 0.7025628578124999 0.35236327031250003
0 0.7268170421875 0.41386245781250003 0.7272212796875 0.42237178125 0.810089740625 0.4239189296875 0.8129193953125 0.38872128125 0.7033713328125 0.3864005578125 0.7025628578124999 0.4127020953125 0.7268170421875 0.41386245781250003
0 0.6977120218749999 0.41811711875 0.7017543859375001 0.45370155468749995 0.809685503125 0.459116578125 0.810493978125 0.424692503125 0.6977120218749999 0.41811711875
0 0.6969035484375 0.4521544046875 0.69892473125 0.4861916921875 0.8044304312499999 0.49392743906250003 0.807664321875 0.4622108765625 0.6969035484375 0.4521544046875
0 0.8056431406250001 0.534926896875 0.8056431406250001 0.4923802890625 0.6932654203124999 0.48580490468750004 0.6936696578125 0.5225497031249999 0.7146899515625 0.5229364890625 0.7154984234375 0.5314458109375 0.7397526078125 0.5314458109375 0.74015684375 0.5426626437500001 0.773304228125 0.54150228125 0.778155065625 0.5329929609375 0.8056431406250001 0.534926896875
0 0.953189425 0.4854181171875 0.9289352421875 0.48232381875 0.9305521859375 0.475748434375 0.8448540703124999 0.47149377187499997 0.8464710156249999 0.5175214671874999 0.8711294359374999 0.518681828125 0.86829978125 0.5302854499999999 0.9212547499999999 0.5268043640625 0.9277225328125001 0.51326680625 0.952380953125 0.51094608125 0.953189425 0.4854181171875
0 0.9293394781250001 0.473040921875 0.9515724796875 0.47420128437500003 0.9556148437499999 0.44557902031249996 0.8476837250000001 0.4351357625 0.8440455984374999 0.473427709375 0.9301479515625 0.4769087953125 0.9293394781250001 0.473040921875
0 0.8476837250000001 0.4343621875 0.9556148437499999 0.442097934375 0.9580402625 0.4157963953125 0.9329776046875 0.41386245781250003 0.9345945515625 0.40612671093749997 0.8484921984374999 0.40187205 0.8476837250000001 0.4343621875
0 0.9386369140624999 0.4030324125 0.961274153125 0.40225883749999997 0.959252971875 0.37479693593749996 0.8493006703124999 0.366674403125 0.8476837250000001 0.4034192 0.9370199687499999 0.40535313593750005 0.9386369140624999 0.4030324125
0 0.8460667796875001 0.3693819140625 0.9620826250000001 0.37247621249999996 0.9628910984375001 0.3457878859375 0.9370199687499999 0.34424073593750004 0.9382326781250001 0.3365049890625 0.844449834375 0.3310899671875 0.8460667796875001 0.3693819140625
0 0.8509176171874999 0.3291560296875 0.9673377000000001 0.334957840625 0.965720753125 0.3063355765625 0.8517260890625 0.29666589375 0.8509176171874999 0.3291560296875
0 0.855768453125 0.29589231875 0.9665292265625001 0.2997601921875 0.9665292265625001 0.2761661640625 0.9438919875 0.2753925890625 0.9430835156249999 0.26765684218749997 0.8561726890625 0.26378896875 0.855768453125 0.29589231875
0 0.8565769265625001 0.26108145625 0.9677419359374999 0.2657229046875 0.9709758265625 0.23245919375000001 0.8590023453125 0.2289781078125 0.8565769265625001 0.26108145625
0 0.9689546437500001 0.23091204375 0.9689546437500001 0.1961011828125 0.86385318125 0.19262009687499998 0.8590023453125 0.22704417187499998 0.9689546437500001 0.23091204375
0 0.862640471875 0.1922333109375 0.97380548125 0.194167246875 0.974613953125 0.1663185578125 0.8622362359375 0.1581960234375 0.862640471875 0.1922333109375
0 0.9608699171874999 0.13266805937499998 0.957636025 0.12725303593749998 0.9248928765625 0.1253191 0.9289352421875 0.11526262812500002 0.8945751484375 0.1133286921875 0.86385318125 0.12725303593749998 0.862640471875 0.15626208749999998 0.977039371875 0.163224259375 0.9778478453125 0.134215209375 0.9608699171874999 0.13266805937499998
0 0.95116824375 0.6091900671875 0.9665292265625001 0.6768778531249999 0.965720753125 0.7151698 0.997655428125 0.7097547765625001 1 0.6498027390625001 0.9863368093749999 0.60648255625 0.95116824375 0.6091900671875
0 0.9301479515625 0.676104278125 0.9277225328125001 0.7171037359375 0.96491228125 0.7147830125 0.9669334624999999 0.6811325125 0.947530115625 0.6080297046875 0.9216589859375001 0.6084164921874999 0.9248928765625 0.641680203125 0.9301479515625 0.676104278125
0 0.8836607640624999 0.6482555890625 0.8949793828124999 0.6842268125000001 0.8897243109374999 0.7229055468750001 0.9277225328125001 0.7209716109375 0.93257336875 0.6811325125 0.9196378046874999 0.6397462671875 0.9147869671875 0.613444728125 0.8844692375 0.614991878125 0.8836607640624999 0.6482555890625
0 0.8885116015625 0.721745184375 0.8937666734375 0.6857739609375 0.8800226375 0.6498027390625001 0.8812353453125 0.6215672624999999 0.8452583062500001 0.621180475 0.8501091437499999 0.722131971875 0.8885116015625 0.721745184375
0 0.8230253062499999 0.6513498875 0.8141321046875 0.6513498875 0.812110921875 0.630076584375 0.7785593015625001 0.6323973078125 0.782601665625 0.6548309734375 0.7777508281250001 0.658312059375 0.78583555625 0.6931229203125 0.787452503125 0.73296201875 0.830301559375 0.7256130578125 0.8230253062499999 0.6513498875
0 0.7429864984375001 0.6629535078125001 0.7551135906249999 0.7024058171875 0.752688171875 0.7368298906249999 0.786644028125 0.7333488046875 0.787048265625 0.6954436453125 0.7761338828125 0.6575384859375 0.7745169375 0.6343312453125 0.7385398984375 0.6374255437499999 0.7429864984375001 0.6629535078125001
0 0.7510712265625 0.738377040625 0.7530924078125001 0.706273690625 0.7450076796875 0.66682138125 0.736518715625 0.6378123312499999 0.7053925140625 0.6401330546875 0.707009459375 0.66798174375 0.7179238421874999 0.705113328125 0.7171153703125001 0.7414713390625 0.7510712265625 0.738377040625
0 0.67143665625 0.674943915625 0.68518069375 0.7132358640625001 0.6811383296875 0.7472731484375 0.713881478125 0.7441788500000001 0.7167111328125 0.7082076265625 0.70579675 0.66914210625 0.7017543859375001 0.6424537796875 0.6661815828125001 0.6478688015625 0.67143665625 0.674943915625
0 0.637885034375 0.675330703125 0.647182471875 0.7109151390624999 0.6467782359375 0.750754234375 0.6819468015625 0.7484335109375 0.6855849296875001 0.7174905234375 0.6706281828125 0.676104278125 0.6673942921875 0.6482555890625 0.6386935078125 0.6505763124999999 0.637885034375 0.675330703125
0 0.59786563125 0.6857739609375 0.6112054328125 0.722131971875 0.6103969593749999 0.7561692578125 0.647586709375 0.753074959375 0.64839518125 0.7132358640625001 0.6342469078125 0.6757174906250001 0.6330341984375 0.65251025 0.5986741046875 0.6575384859375 0.59786563125 0.6857739609375
0 0.565122484375 0.660245996875 0.56593095625 0.6884814718750001 0.5756326296875 0.7229055468750001 0.57522839375 0.76081070625 0.6084062296875 0.76005485625 0.610801196875 0.7310280796875 0.59786563125 0.6853871734375 0.59786563125 0.6575384859375 0.565122484375 0.660245996875
0 0.5586547015625001 0.658312059375 0.5255073171875 0.6633402953124999 0.5307623890625 0.6896418343749999 0.539655590625 0.73064129375 0.537230171875 0.765838940625 0.576441103125 0.76119749375 0.576441103125 0.7198112484375 0.5586547015625001 0.658312059375
0 0.5339273999999999 0.767386090625 0.5407994171875 0.7321884421875 0.5351401078125 0.690802196875 0.523013015625 0.690802196875 0.52220454375 0.66604780625 0.495524940625 0.66759495625 0.493907996875 0.691188984375 0.48137666718750005 0.6931229203125 0.488652921875 0.7704803890624999 0.5339273999999999 0.767386090625
0 0.4567871296875 0.70124545625 0.459212546875 0.6780382140625 0.42687363593749994 0.6788117890625001 0.430916 0.7020190296875 0.42687363593749994 0.7031793921875 0.43334141875 0.7414713390625 0.43293718124999997 0.7786029250000001 0.4794243671875 0.7755086265625 0.46729727499999996 0.70124545625 0.4567871296875 0.70124545625
0 0.38766270625 0.6811325125 0.3896838875 0.7109151390624999 0.400194034375 0.7484335109375 0.39938555937500003 0.784404734375 0.43172447187499996 0.7813104359375 0.4325329453125 0.7391506156250001 0.42768210937499995 0.70124545625 0.42323550781249997 0.70124545625 0.4212143265625 0.6791985765625 0.38766270625 0.6811325125
0 0.397768615625 0.785178309375 0.400194034375 0.746499575 0.38887541406250004 0.705500115625 0.38644999687500003 0.6803589390625 0.354111084375 0.6865475359375 0.35977039375 0.7105283515624999 0.351685665625 0.71362265 0.3621958125 0.7476599359375 0.3621958125 0.7882726078125 0.397768615625 0.785178309375
0 0.347239065625 0.7124622875 0.3444094109375 0.6880946859375 0.317325571875 0.6919625593750001 0.3189425171875 0.7101415640625001 0.3161128640625 0.7116887140625 0.3181340453125 0.7198112484375 0.3290484265625 0.7588767703125 0.32541030000000004 0.79291405625 0.36098310312500004 0.78981975625 0.35977039375 0.7472731484375 0.3512814296875 0.7124622875 0.347239065625 0.7124622875
0 0.2882205515625 0.7983290796875 0.3225806453125 0.7948479921875 0.326623009375 0.7577164078124999 0.31449591718750003 0.7163301625 0.3120704984375 0.693509709375 0.2793273515625 0.6958304328125 0.2837739515625 0.7155565875 0.2793273515625 0.722131971875 0.2906459703125 0.75926355625 0.2882205515625 0.7983290796875
0 0.2866036046875 0.799489440625 0.28781631406249997 0.7561692578125 0.2793273515625 0.720584821875 0.27690193281250003 0.6973775812499999 0.24092489375 0.7004718796875 0.24537149375 0.7287073562499999 0.25669011249999996 0.768159665625 0.2538604578125 0.8045176765625 0.2866036046875 0.799489440625
0 0.209394453125 0.705886903125 0.211819871875 0.7263866328125 0.2045436171875 0.73296201875 0.2195003640625 0.768933240625 0.2170749453125 0.8021969515625 0.25426469375 0.8002630156249999 0.25669011249999996 0.765838940625 0.2425418390625 0.72793378125 0.24092489375 0.7024058171875 0.209394453125 0.705886903125
0 0.170991996875 0.7356695281250001 0.183523325 0.7755086265625 0.179885196875 0.8072251874999999 0.216670709375 0.8056780390625 0.21788341875 0.768159665625 0.2065648 0.7310280796875 0.205352090625 0.707047265625 0.16937505 0.7124622875 0.170991996875 0.7356695281250001
0 0.1402700296875 0.714396225 0.1390573203125 0.735282740625 0.13501495624999998 0.738377040625 0.1471420484375 0.7739614765625 0.145525103125 0.8130269968749999 0.179076725 0.8099326984375 0.1827148515625 0.7789897109374999 0.1713962328125 0.737603465625 0.168566578125 0.7120755015625 0.1402700296875 0.714396225
0 0.1022718078125 0.721358396875 0.10510146406250001 0.7422449140625 0.1026760453125 0.7426317015625 0.11237771875 0.783244371875 0.1135904265625 0.8184420203125 0.1459293390625 0.814574146875 0.14633357656249998 0.7766689875 0.1358234296875 0.7399241890625 0.131781065625 0.7167169484375 0.1022718078125 0.721358396875
0 0.0998463890625 0.7418581265624999 0.097420971875 0.720198034375 0.0626566421875 0.722518759375 0.06750747812499999 0.7445656375 0.060635459375 0.7445656375 0.06427358749999999 0.7758954124999999 0.06791171406249999 0.7758954124999999 0.07033713281250001 0.7894329703125 0.07114560625 0.82230989375 0.1099523 0.8184420203125 0.1139946640625 0.7813104359375 0.0998463890625 0.7418581265624999
0 0.13258953906249998 0.938346096875 0.1358234296875 0.9019880875 0.124909046875 0.862148990625 0.1160158453125 0.863696140625 0.0764006796875 0.8694979500000001 0.081251515625 0.8938655531249999 0.063060878125 0.9000541500000001 0.06750747812499999 0.924421753125 0.0747837328125 0.9437611203125 0.0873150609375 0.9453082703125 0.0986336796875 0.970836234375 0.12450481093750002 0.965034425 0.1253132828125 0.9402800328125 0.13258953906249998 0.938346096875
0 0.1394615578125 0.9619401265624999 0.1657369234375 0.9600061875 0.16290726875 0.9325442859375 0.17058775937499998 0.9309971375 0.17180046875 0.88651659375 0.1556310125 0.8575075421875 0.1241005734375 0.8590546921875 0.1370361390625 0.9046955984375 0.1313768296875 0.9398932468750001 0.13541919375 0.9398932468750001 0.1394615578125 0.9619401265624999
0 0.19767159843749998 0.9286764140624999 0.205352090625 0.923261390625 0.205352090625 0.8892241046875 0.19443770625 0.8517057328125001 0.154822540625 0.8567339671875001 0.1701835234375 0.8911580406249999 0.16937505 0.9309971375 0.1713962328125 0.9584590390625 0.200905490625 0.9553647406250001 0.19767159843749998 0.9286764140624999
0 0.2065648 0.8911580406249999 0.20616056249999998 0.952270440625 0.2421376015625 0.9507232921875 0.2433503109375 0.8811015703124999 0.227989328125 0.847451071875 0.19039534375 0.8513189453125 0.2065648 0.8911580406249999
0 0.27771040468749997 0.9213274546875001 0.27690193281250003 0.8795544203125001 0.2663917859375 0.8428096234375 0.22920203749999998 0.846290709375 0.2425418390625 0.8830355078125001 0.244158784375 0.94878935625 0.271646859375 0.94801578125 0.26881720468750003 0.9224878171875 0.27771040468749997 0.9213274546875001
0 0.26679602187499996 0.8424228359375 0.27892311406250003 0.8830355078125001 0.278518878125 0.9441479078125001 0.3120704984375 0.9433743328125 0.3157086265625 0.8729790359375 0.3015603515625 0.8381681750000001 0.26679602187499996 0.8424228359375
0 0.349664484375 0.9139784953125 0.3537068484375 0.8733658234374999 0.3411755203125 0.8358474515625 0.303581534375 0.839715325 0.3140916796875 0.8772336968750001 0.31449591718750003 0.939506459375 0.3456221203125 0.9391196718750001 0.3436009375 0.9112709828125001 0.349664484375 0.9139784953125
0 0.3419839921875 0.8339135140625 0.3545153203125 0.8745261859375001 0.35087719375000004 0.934478225 0.384024578125 0.9298367750000001 0.383620340625 0.9298367750000001 0.38685423124999996 0.8698847375 0.372705959375 0.8304324281250001 0.3419839921875 0.8339135140625
0 0.42337371562500004 0.90191761875 0.42431350312499994 0.865499209375 0.4078672421875 0.8236854812500001 0.37309515000000004 0.8295304109374999 0.38907151562500003 0.869096090625 0.38719194375 0.9329407078124999 0.4167952125 0.9275453875 0.413505959375 0.9032664484374999 0.42337371562500004 0.90191761875
0 0.442169440625 0.8173909421875001 0.40692745625000004 0.8241350921875 0.42431350312499994 0.8704449203125 0.4266629671875 0.9270957765625001 0.45344687656250005 0.9243981171875 0.45297698437499995 0.8960726875 0.46049527343749996 0.8542589609375 0.442169440625 0.8173909421875001
0 0.495267365625 0.8897781484375 0.4821103578125 0.811995621875 0.4440490140625 0.8200886015625001 0.46096516718749997 0.8587550593750001 0.461904953125 0.924847728125 0.48821896875000004 0.9203516265625 0.4891587546875 0.89517346875 0.495267365625 0.8897781484375
0 0.5234609531250001 0.9154059171875 0.5497749703125 0.9149563078125 0.5530642218749999 0.8843828281249999 0.5638717625 0.88393321875 0.5638717625 0.8461659812500001 0.5502448625 0.8070499124999999 0.49761683124999995 0.8115460125 0.5135931984375001 0.8893285390625 0.5197018078125 0.8906773687499999 0.5234609531250001 0.9154059171875
0 0.5897158859375 0.8780882890624999 0.5981739625 0.8735921890625 0.6019331078125 0.833127290625 0.586896528125 0.799856153125 0.5497749703125 0.80615069375 0.5662212296875 0.8457163703124999 0.5638717625 0.911359428125 0.591595459375 0.9041656671875 0.5897158859375 0.8780882890624999
0 0.6277772296874999 0.8992199578125 0.6221385125000001 0.8744914093749999 0.6324761609375 0.8731425796875 0.6348256265625001 0.836724171875 0.6207288328125 0.795360053125 0.58830620625 0.8003057625000001 0.605222359375 0.8403210515625 0.602403 0.8744914093749999 0.5944148171875 0.878987509375 0.5977040687499999 0.9068633281249999 0.6277772296874999 0.8992199578125
0 0.6667783593750001 0.8960726875 0.6592600703125 0.8677472609375 0.6705375046875 0.8663984296875 0.672417078125 0.8245847015625 0.6522116734375001 0.7904143421875001 0.6188492609375 0.79491044375 0.6352955203125 0.8353753421875 0.6352955203125 0.8785379000000001 0.639054665625 0.9010183984375001 0.6667783593750001 0.8960726875
0 0.691682696875 0.8659488203124999 0.7034300250000001 0.8641503796875 0.70859885 0.8250343125 0.691682696875 0.7854686328125 0.65503103125 0.7890655125 0.67382675625 0.8299800218750001 0.6705375046875 0.8704449203125 0.6691278265625 0.8969719093749999 0.696851521875 0.8906773687499999 0.691682696875 0.8659488203124999
0 0.7109483140624999 0.825483921875 0.70389991875 0.8915765890625 0.7353827578125001 0.8893285390625 0.734442971875 0.8641503796875 0.74149136875 0.8614527203125 0.7419612625 0.8191893828125 0.7292741484375 0.7845694140624999 0.6982611999999999 0.7895151234375 0.7109483140624999 0.825483921875
0 0.74149136875 0.8870804890624999 0.768275278125 0.8830339984375 0.768275278125 0.857855840625 0.7753236734375 0.8569566203125 0.777203246875 0.82143743125 0.7654559187500001 0.778724484375 0.73209350625 0.7845694140624999 0.7452505140625 0.8218870421875 0.74149136875 0.8870804890624999
0 0.7795527124999999 0.820987821875 0.7776731406249999 0.8830339984375 0.806336621875 0.878987509375 0.8053968359375 0.8524605203125001 0.8115054468749999 0.851111690625 0.8162043765625 0.8110964031250001 0.8006979031249999 0.7755772140625 0.7668655984375 0.7782748734375 0.7795527124999999 0.820987821875
0 0.84251839375 0.8457163703124999 0.853325934375 0.84166988125 0.8368796749999999 0.7679338437500001 0.8025774765625 0.773778775 0.8162043765625 0.8133444515624999 0.81338501875 0.853359740625 0.8162043765625 0.876739459375 0.8495667906250001 0.8726929703125 0.84251839375 0.8457163703124999
0 0.9205206546875001 0.83492573125 0.92287011875 0.7962592734375 0.9054840734375 0.7503990546875 0.854735615625 0.758492034375 0.882929203125 0.869995309375 0.916291615625 0.8632511609375 0.9125324703125001 0.8407706609375 0.9205206546875001 0.83492573125
0 0.9369669140625 0.7436549046875001 0.92380990625 0.745003734375 0.9252195859375 0.758042425 0.9083034328125 0.7616393046875001 0.9266292640625 0.7935616140625 0.919110975 0.8619023296874999 0.9534131734375 0.857855840625 0.9581121046875 0.78816629375 0.9369669140625 0.7436549046875001
0 0.9924143031250001 0.8272823624999999 0.992884196875 0.7868174640625 0.9797271890625 0.75264710625 0.9416658453125001 0.7566935953125 0.9623411421875 0.7913135640625 0.9557626390625 0.857855840625 0.987715371875 0.851111690625 0.982546546875 0.8286311921875 0.9924143031250001 0.8272823624999999
0 0.1359822296875 0.6500016328125 0.155324528125 0.610182725 0.1775974796875 0.5911145140625 0.14594644375000002 0.5692421546875 0.15708292031249999 0.5367140328125 0.182872653125 0.5283015859375 0.159427440625 0.5215716296874999 0.1506354859375 0.499138440625 0.17408069843750001 0.467171146875 0.083230503125 0.4352038546875 0.06447433281250001 0.4896043375 0.051579465625 0.492408484375 0.0386846 0.5232541187499999 0.0451320328125 0.532788225 0.0281342546875 0.5810195796875 0.0363400796875 0.6141085328125 0.06857724375 0.62588595625 0.055682378125 0.6623398875000001 0.1359822296875 0.6500016328125