0 0.0039308171874999995 0.25114155312499997 0.0031446546875000003 0.43683409375000004 0.015723270312500003 0.43835616406250005 0.016509434375 0.5038051765625 0.0424528296875 0.506849315625 0.045597484375000004 0.2009132421875 0.021226415625 0.20243531250000002 0.021226415625 0.25266362343750004 0.0039308171874999995 0.25114155312499997
0 0.047955975 0.2009132421875 0.0448113203125 0.506849315625 0.079402515625 0.50532724375 0.08647798749999999 0.26331811250000003 0.06289308125000001 0.2572298328125 0.0636792453125 0.2009132421875 0.047955975 0.2009132421875
0 0.0825471703125 0.5083713859375 0.1289308171875 0.506849315625 0.1344339625 0.20395738125 0.0966981125 0.2070015234375 0.08647798749999999 0.2572298328125 0.0825471703125 0.5083713859375
0 0.1344339625 0.20852359062499998 0.132075471875 0.5159817359375001 0.17138364687500002 0.519025875 0.17767295624999999 0.266362253125 0.15644654062500002 0.267884321875 0.15880503125 0.2115677328125 0.1344339625 0.20852359062499998
0 0.180031446875 0.26331811250000003 0.17452830156250002 0.511415525 0.2224842765625 0.5205479453125 0.21855345937499998 0.21308980156250001 0.18789308124999998 0.214611871875 0.185534590625 0.260273971875 0.180031446875 0.26331811250000003
0 0.2201257859375 0.2161339421875 0.22641509375000002 0.5235920843749999 0.261792453125 0.5205479453125 0.2727987421875 0.2754946734375 0.252358490625 0.273972603125 0.2484276734375 0.2161339421875 0.2201257859375 0.2161339421875
0 0.31289308125000004 0.5312024359375 0.319182390625 0.2176560109375 0.27594339687499997 0.2161339421875 0.2680817609375 0.5327245046875 0.31289308125000004 0.5312024359375
0 0.32232704375 0.2237442921875 0.3160377359375 0.5312024359375 0.3663522015625 0.5266362265625 0.3710691828125 0.2770167421875 0.34669811250000004 0.2785388125 0.3451257859375 0.2313546421875 0.32232704375 0.2237442921875
0 0.079402515625 0.546423134375 0.0086477984375 0.541856925 0.0078616359375 0.8340943671875 0.055031446875 0.8310502281250001 0.05267295625 0.7732115687500001 0.069182390625 0.7716894984375 0.079402515625 0.546423134375
0 0.080515325 0.7804500984375 0.07838246875 0.83619653125 0.123705665625 0.8382612140625 0.12903780468749998 0.55127030625 0.081581753125 0.5450762578125 0.07145068437499999 0.7845794640625 0.080515325 0.7804500984375
0 0.128504590625 0.785611803125 0.164229934375 0.7804500984375 0.1775602859375 0.6710219093750001 0.1722281453125 0.5450762578125 0.1274381625 0.53991455 0.128504590625 0.785611803125
0 0.16636279062499998 0.8413582390625001 0.206887059375 0.8454876046875001 0.2234166953125 0.6668925437500001 0.21808455468750002 0.5492056234375 0.17329457343750002 0.543011575 0.1818259984375 0.6658602015625 0.16636279062499998 0.8413582390625001
0 0.22554955156249998 0.67721595625 0.211152771875 0.8413582390625001 0.236213834375 0.8413582390625001 0.2399463328125 0.7835471203125 0.255409540625 0.7876764859375001 0.2719391765625 0.6761836171875 0.26394096562499997 0.5564320140625 0.2223502671875 0.5492056234375 0.22554955156249998 0.67721595625
0 0.26394096562499997 0.561593721875 0.272472390625 0.674118934375 0.2548763265625 0.7949028765625 0.2687398921875 0.7959352187500001 0.266073821875 0.8568433609375001 0.2970002375 0.8558110187500001 0.3167291578125 0.7443181484375 0.319395228125 0.6751512734375 0.31246344531250003 0.5657230875 0.26394096562499997 0.561593721875
0 0.36258556875000003 0.58430523125 0.34072379062499997 0.555399671875 0.3129966609375 0.5605613796875 0.323127728125 0.6885717125 0.3017991640625 0.85890804375 0.3311259390625 0.85890804375 0.33485843593750003 0.8021292671875001 0.3577866421875 0.8041939499999999 0.3652516390625 0.7040568328125001 0.36258556875000003 0.58430523125
0 0.6537204515624999 0.963174525 0.654253665625 0.8506493125000001 0.4916233734375 0.840325896875 0.48949051718750003 0.9507864265625001 0.6537204515624999 0.963174525
0 0.5332140703125 0.843422921875 0.6633183046875 0.8506493125000001 0.66385151875 0.7525768796875 0.50282086875 0.7443181484375 0.50282086875 0.8052262906250001 0.5358801421875 0.811420340625 0.5332140703125 0.843422921875
0 0.6643847328125 0.7515445390625 0.6659843750000001 0.659666153125 0.5470776374999999 0.6462457140625 0.542811925 0.6896040546875 0.5140183640625 0.6865070296875 0.5129519359375 0.7453504890625 0.6643847328125 0.7515445390625
0 0.5433451390624999 0.6276635703125 0.5417454968750001 0.6462457140625 0.6643847328125 0.6576014703124999 0.6649179468749999 0.5667554265625 0.51988371875 0.5481732828125 0.518817290625 0.6214695234375001 0.5433451390624999 0.6276635703125
0 0.518817290625 0.5440439171875 0.6697168734375001 0.5626260609375 0.6713165156249999 0.48003875156250003 0.5497437078125 0.4635212875 0.5481440656250001 0.4996532375 0.520950146875 0.5006855781249999 0.518817290625 0.5440439171875
0 0.5486772796875 0.4645536296875 0.6707833015625 0.4728123609375 0.6739825859375 0.380933975 0.522016575 0.37267524375 0.51935050625 0.4449391421875 0.5492104921875 0.4449391421875 0.5486772796875 0.4645536296875
0 0.5262822890625001 0.31899349374999997 0.520950146875 0.3675135390625 0.6739825859375 0.3737075875 0.6782482984375 0.2838938828125 0.5529429921875 0.2766674953125 0.5518765640625001 0.31899349374999997 0.5262822890625001 0.31899349374999997
0 0.673449371875 0.2818292015625 0.675582228125 0.21679169375 0.597199759375 0.21162998593750001 0.5732051265625 0.2405355453125 0.5726719124999999 0.27357047031250004 0.673449371875 0.2818292015625
0 0.8600742968749999 0.865102090625 0.6787815125 0.8413582390625001 0.681980796875 0.9796919859375001 0.8574082265625 0.9982741328125 0.8600742968749999 0.865102090625
0 0.81208503125 0.830002484375 0.8398121625 0.8351641921875 0.8360796640625001 0.7701266828125 0.683580440625 0.7515445390625 0.683580440625 0.8454876046875001 0.8088857468749999 0.8558110187500001 0.81208503125 0.830002484375
0 0.8392789484375 0.717477271875 0.813151459375 0.7081861984375 0.8094189593750001 0.6782482984375 0.6921118640625 0.6689572265625 0.6857132953125 0.7443181484375 0.836612878125 0.767029659375 0.8392789484375 0.717477271875
0 0.8179503859375 0.6565691296875 0.8382125203124999 0.6462457140625 0.8392789484375 0.5874022562500001 0.6905122234375 0.5822405484375001 0.6910454359375 0.662763178125 0.8168839578125 0.6751512734375 0.8179503859375 0.6565691296875
0 0.8408785906249999 0.5853375734374999 0.8403453765625001 0.53991455 0.8072861031249999 0.5347528453125 0.785957540625 0.481071090625 0.6958443625 0.481071090625 0.6942447203125 0.5739818171875 0.8408785906249999 0.5853375734374999
0 0.6931782921874999 0.3933220734375 0.6905122234375 0.47797406875000004 0.790223253125 0.48520045625 0.8019539640625 0.4449391421875 0.838745734375 0.4573272390625 0.84621073125 0.40364548593749994 0.6931782921874999 0.3933220734375
0 0.6953111484375001 0.3902250484375 0.8451443031249999 0.3995161203125 0.84621073125 0.344802028125 0.8168839578125 0.33551095468750003 0.8184835984375001 0.2384708625 0.6974440046875 0.23021213281250003 0.6953111484375001 0.3902250484375