0 0.9150094703124999 0.920671684375 0.910274621875 0.7339316734375 0.8641098484375 0.728141284375 0.8771306828125001 0.9250144765625 0.9150094703124999 0.920671684375
0 0.8652935609375 0.92211928125 0.8605587124999999 0.7339316734375 0.810842803125 0.725246090625 0.8226799249999999 0.920671684375 0.8652935609375 0.92211928125
0 0.8179450750000001 0.920671684375 0.808475378125 0.7310364796875 0.7658617421875 0.725246090625 0.7753314390625 0.9235668796875001 0.8179450750000001 0.920671684375
0 0.7504734843749999 0.9047481171875 0.749289771875 0.7266936875 0.6948390156250001 0.7209033015624999 0.7090435609375 0.9047481171875 0.7504734843749999 0.9047481171875
0 0.7090435609375 0.9061957156249999 0.6972064390625 0.719455703125 0.654592803125 0.719455703125 0.6699810609375 0.9033005203125001 0.7090435609375 0.9061957156249999
0 0.636837121875 0.7657788078125 0.6439393953125 0.716560509375 0.6001420453125 0.704979734375 0.5859375 0.7759119859375 0.6001420453125 0.8931673421875 0.6451231046875 0.8888245515625 0.636837121875 0.7657788078125
0 0.583570075 0.761436015625 0.593039771875 0.7107701203125 0.5362215906250001 0.704979734375 0.5362215906250001 0.761436015625 0.5646306828125 0.8931673421875 0.6084280296875 0.8931673421875 0.583570075 0.761436015625
0 0.5243844703125 0.7556456296875 0.5267518953125 0.704979734375 0.48295454531250004 0.6948465546875 0.4853219703125 0.7585408218749999 0.4924242421875 0.884481759375 0.5267518953125 0.8815865671875001 0.5243844703125 0.7556456296875
0 0.45099431718750005 0.8859293562499999 0.49005681718750005 0.887376953125 0.475852271875 0.6991893453125 0.432054925 0.6919513609375 0.42140151562500006 0.7469600468750001 0.439157196875 0.7513028375 0.45099431718750005 0.8859293562499999
0 0.41193181718750005 0.7455124484375 0.422585228125 0.6977417484374999 0.37642045468749996 0.6818181812499999 0.3728693171875 0.7455124484375 0.37997159062499997 0.8685581921875001 0.419034090625 0.8700057890625 0.41193181718750005 0.7455124484375
0 0.32788825781250003 0.7368268671875 0.3349905296875 0.8627678062499999 0.378787878125 0.872900984375 0.36576704531250004 0.7513028375 0.3705018953125 0.683265778125 0.32315340937500003 0.6760277953125 0.3136837125 0.7310364796875 0.32788825781250003 0.7368268671875
0 0.30184659062499997 0.7339316734375 0.310132575 0.683265778125 0.2675189390625 0.6658946140625 0.25804924218749997 0.7324840765625 0.2675189390625 0.8613202093749999 0.3077651515625 0.8584250140625 0.30184659062499997 0.7339316734375
0 0.232007575 0.8569774171875 0.2687026515625 0.8598726109375001 0.2556818171875 0.7266936875 0.25804924218749997 0.674580196875 0.202414771875 0.6629994203125 0.197679925 0.7295888828125 0.22490530312499998 0.7426172546875 0.232007575 0.8569774171875
0 0.192945075 0.719455703125 0.2012310609375 0.6673422125 0.149147728125 0.65865663125 0.153882575 0.725246090625 0.1609848484375 0.842501446875 0.2000473484375 0.8439490453125 0.192945075 0.719455703125
0 0.1183712125 0.8453966421875 0.1574337125 0.8453966421875 0.1444128796875 0.6629994203125 0.087594696875 0.65865663125 0.086410984375 0.7122177187500001 0.1029829546875 0.7209033015624999 0.1183712125 0.8453966421875
0 0.18465909062500002 0.45888824531249994 0.14559659062500002 0.45165026093750005 0.12192234843750001 0.5718008109375 0.09469697031249999 0.56745801875 0.09114583281250001 0.6239143031250001 0.158617425 0.63404748125 0.1621685609375 0.5761436015625 0.18465909062500002 0.45888824531249994
0 0.183475378125 0.454545453125 0.158617425 0.63983786875 0.203598484375 0.638390271875 0.22253787812499998 0.4603358421875 0.183475378125 0.454545453125
0 0.25923295468749996 0.4603358421875 0.236742425 0.5848291828125001 0.21898674218749997 0.5848291828125001 0.21780302968749998 0.6514186453125 0.261600378125 0.6543138390625 0.2769886375 0.587724378125 0.2947443171875 0.46757382812500003 0.25923295468749996 0.4603358421875
0 0.2959280296875 0.46612623124999997 0.2675189390625 0.6514186453125 0.310132575 0.6572090328125 0.3349905296875 0.47336421562500003 0.2959280296875 0.46612623124999997
0 0.32670454531250004 0.5949623625 0.319602271875 0.6615518234375 0.3740530296875 0.660104228125 0.4060132578125 0.47336421562500003 0.36695075781250003 0.476259409375 0.3468276515625 0.599305153125 0.32670454531250004 0.5949623625
0 0.422585228125 0.5964099609375 0.44744318281249995 0.4834973953125 0.4071969703125 0.4719166171875 0.37642045468749996 0.65865663125 0.42613636250000003 0.6629994203125 0.422585228125 0.5964099609375
0 0.43323863749999997 0.6079907359375001 0.43323863749999997 0.6658946140625 0.4888731046875 0.677475390625 0.5220170453125 0.48928778125 0.478219696875 0.48928778125 0.456912878125 0.6108859296875 0.43323863749999997 0.6079907359375001
0 0.514914771875 0.4921829765625 0.4888731046875 0.6731326 0.5362215906250001 0.6789229875 0.553977271875 0.4994209625 0.514914771875 0.4921829765625
0 0.546875 0.6166763171875 0.5433238625000001 0.6905037640625 0.595407196875 0.6905037640625 0.636837121875 0.5037637515625 0.5859375 0.5023161546875 0.5693655296875 0.6210191078125 0.546875 0.6166763171875
0 0.6309185609375 0.5023161546875 0.597774621875 0.69339895625 0.6439393953125 0.6991893453125 0.6699810609375 0.5095541406249999 0.6309185609375 0.5023161546875
0 0.6995738640625 0.5110017375 0.6794507578125 0.6297046890625 0.6593276515625 0.63404748125 0.652225378125 0.6991893453125 0.7066761359375 0.7078749281250001 0.714962121875 0.6354950781250001 0.7410037875000001 0.51389693125 0.6995738640625 0.5110017375
0 0.7587594703125 0.7020845390625 0.7552083328125 0.636942675 0.7776988640625 0.518239721875 0.7374526515625 0.5167921265625 0.710227271875 0.7093225234375 0.7587594703125 0.7020845390625
0 0.7634943171875 0.64852345 0.7634943171875 0.7093225234375 0.8191287875000001 0.713665315625 0.8570075750000001 0.5298204984375 0.8061079546875 0.5283729015625 0.7895359843749999 0.6499710484375 0.7634943171875 0.64852345
0 0.8522727281250001 0.5283729015625 0.8191287875000001 0.7151129125 0.871212121875 0.7223508984375 0.8972537875000001 0.5327156921875 0.8522727281250001 0.5283729015625
0 0.744554925 0.146207296875 0.754024621875 0.3372900984375 0.7954545453125 0.3372900984375 0.808475378125 0.15199768281249998 0.744554925 0.146207296875
0 0.7185132578125 0.32860451562500004 0.7528409093749999 0.3358425015625 0.7481060609375 0.1389693109375 0.68418560625 0.1389693109375 0.68300189375 0.196873190625 0.7078598484375 0.20121598125 0.7185132578125 0.32860451562500004
0 0.675899621875 0.32136653125 0.68300189375 0.1346265203125 0.6332859843749999 0.1302837296875 0.6380208328125 0.1881876078125 0.6463068171875 0.32426172656249996 0.675899621875 0.32136653125
0 0.5989583328125 0.31557614375 0.6451231046875 0.32136653125 0.632102271875 0.1302837296875 0.5859375 0.1259409375 0.578835228125 0.18239722187500002 0.5965909093749999 0.18674001093749998 0.5989583328125 0.31557614375
0 0.5255681828125 0.18674001093749998 0.535037878125 0.3025477703125 0.5669981046875 0.308338159375 0.5646306828125 0.19108280312499998 0.5255681828125 0.18674001093749998
0 0.4817708328125 0.172264040625 0.480587121875 0.30399536718750003 0.5314867421875 0.308338159375 0.5220170453125 0.12015055 0.471117425 0.11725535625000001 0.46756628750000007 0.1664736546875 0.4817708328125 0.172264040625
0 0.46046401562500006 0.2924145921875 0.461647728125 0.11580775937500001 0.41193181718750005 0.11146496875 0.4107481046875 0.16792125 0.417850378125 0.30399536718750003 0.46046401562500006 0.2924145921875
0 0.4107481046875 0.10422698281250001 0.358664771875 0.1027793875 0.382339015625 0.295309784375 0.417850378125 0.3011001734375 0.4107481046875 0.10422698281250001
0 0.30184659062499997 0.062246670312499995 0.3125 0.280833815625 0.3480113625 0.283729009375 0.36221590937500003 0.068037059375 0.30184659062499997 0.062246670312499995
0 0.241477271875 0.15199768281249998 0.2687026515625 0.1635784609375 0.2675189390625 0.276491025 0.305397728125 0.277938621875 0.30184659062499997 0.0940938046875 0.245028409375 0.088303415625 0.241477271875 0.15199768281249998
0 0.2379261375 0.277938621875 0.2355587125 0.088303415625 0.1917613640625 0.0854082234375 0.1893939390625 0.1404169078125 0.2012310609375 0.283729009375 0.2379261375 0.277938621875
0 0.1598011375 0.277938621875 0.202414771875 0.27938621874999997 0.1941287875 0.088303415625 0.1408617421875 0.06948465625 0.12665719687500002 0.1288361328125 0.1503314390625 0.1346265203125 0.1598011375 0.277938621875