0 0.0173611109375 0.24052478124999999 0.14136904687500002 0.2210884359375 0.1140873015625 0.0983965015625 0.0024801578125 0.11904761875 0.0173611109375 0.24052478124999999
0 0.150049603125 0.2150145765625 0.2715773796875 0.18586005781249998 0.2455357140625 0.06073858125 0.12524801562500001 0.0826044703125 0.150049603125 0.2150145765625
0 0.2864583328125 0.1931486890625 0.421626984375 0.167638484375 0.3869047625 0.029154518750000004 0.24801587343749998 0.05344995 0.2864583328125 0.1931486890625
0 0.5109126984375 0.13969873593749998 0.5642361109375 0.1445578234375 0.5605158734375 0.0133624875 0.429067459375 0.015792031249999998 0.440228175 0.1749271140625 0.503472221875 0.1724975703125 0.5109126984375 0.13969873593749998
0 0.6547619046875 0.20584857343750002 0.7130456359374999 0.18033836875 0.79365079375 0.0989486703125 0.69072420625 0.0406396328125 0.5431547625 0.24350649375 0.5823863625000001 0.27210884375 0.6547619046875 0.20584857343750002
0 0.577876984375 0.27332361562499996 0.6001984125 0.40087463593750006 0.7986111109375 0.3692905734375 0.787450396875 0.2380952375 0.577876984375 0.27332361562499996
0 0.593998015625 0.3996598640625 0.60515873125 0.55515063125 0.8060515875 0.53328474375 0.8023313484375001 0.37536443125 0.593998015625 0.3996598640625
0 0.6150793640625001 0.6025267249999999 0.6510416671875 0.6086005828125 0.6510416671875 0.6486880453125 0.8023313484375001 0.6365403296875 0.799851190625 0.540573371875 0.60887896875 0.557580175 0.6150793640625001 0.6025267249999999
0 0.48487103125 0.6899902828125 0.46875 0.5636540328125 0.3484623015625 0.57580175 0.362103175 0.7033527703125 0.48487103125 0.6899902828125
0 0.215773809375 0.6960641390625 0.339781746875 0.6875607375 0.327380953125 0.5600097171875 0.2008928578125 0.57337220625 0.215773809375 0.6960641390625
0 0.0744047625 0.7118561718749999 0.20833333281250002 0.7033527703125 0.19097222187500001 0.5672983484375 0.070684525 0.5660835765625001 0.0744047625 0.7118561718749999
0 0.33301767656250003 0.5148423015625 0.46897546874999996 0.513296228125 0.456574675 0.36995317656250004 0.3139655484375 0.3735974921875 0.33301767656250003 0.5148423015625
0 0.1922123015625 0.5478620015625 0.33234126875 0.5308551984375 0.3112599203125 0.40694849375000003 0.1984126984375 0.40573372343749997 0.1922123015625 0.5478620015625
0 0.1041666671875 0.36200194375 0.07688492031250001 0.5502915453125 0.1922123015625 0.5502915453125 0.162450396875 0.36564625781250004 0.1041666671875 0.36200194375
0 0.055803571875 0.3838678328125 0 0.3862973765625 0.0024801578125 0.5490767734374999 0.054563490625 0.5417881453125 0.055803571875 0.3838678328125
0 0.796130953125 0.7896015546874999 0.8519345250000001 0.8673469390624999 1 0.7580174937499999 0.9288194437499999 0.6596209921875 0.796130953125 0.7896015546874999
0 0.773809525 0.7810981531250001 0.64112103125 0.7968901859375 0.6473214281249999 0.9511661796875 0.8209325406250001 0.9390184640625 0.773809525 0.7810981531250001
0 0.53075396875 0.9608843531250001 0.6460813484375 0.9487366375 0.6336805562500001 0.7968901859375 0.5146329359374999 0.8041788140625 0.53075396875 0.9608843531250001
0 0.497271825 0.8090379015625 0.37822420625 0.8187560734374999 0.37822420625 0.9742468421874999 0.5022321421875 0.9693877546874999 0.497271825 0.8090379015625
0 0.257936509375 0.9924684171875 0.3732638890625 0.9778911562499999 0.3645833328125 0.8138969875000001 0.2455357140625 0.8260447046875001 0.257936509375 0.9924684171875
0 0.12276785781249999 0.9985422734375 0.24305555625 0.9876093296875 0.22941468281250002 0.8442662765625 0.10912698437499999 0.8539844499999999 0.12276785781249999 0.9985422734375
0 0 0.9973275015624999 0.1103670640625 0.9973275015624999 0.0917658734375 0.84791059375 0.0037202375 0.852769678125 0 0.9973275015624999
0 0.059523809375 0.5624392625 0 0.5648688046875 0.007440475 0.71671525625 0.0682043640625 0.7106414 0.059523809375 0.5624392625