0 0.127694859375 0.44066317499999996 0.14925373125000002 0.43630017499999996 0.15091210625 0.48138452656249997 0.223051409375 0.5395578828125001 0.226368159375 0.5744618953125 0.2910447765625 0.562827225 0.275290215625 0.27196044218750004 0.1981757875 0.2705061078125 0.19734659999999998 0.32140779531249997 0.125207296875 0.353403140625 0.127694859375 0.44066317499999996
0 0.2910447765625 0.53810355 0.417081259375 0.52937754375 0.419568821875 0.308318790625 0.2827529015625 0.3112274578125 0.2910447765625 0.53810355
0 0.5049751234375 0.6646306 0.5041459374999999 0.7751599765625 0.577114428125 0.75770796875 0.577114428125 0.6646306 0.5049751234375 0.6646306
0 0.575456053125 0.591913903125 0.5041459374999999 0.5904595703125 0.5049751234375 0.6675392671875 0.575456053125 0.6588132640625 0.575456053125 0.591913903125
0 0.5812603640625 0.51919720625 0.498341625 0.5162885390625 0.501658375 0.5948225703125 0.5820895515625 0.591913903125 0.5812603640625 0.51919720625
0 0.5812603640625 0.445026178125 0.5 0.4464805125 0.501658375 0.523560209375 0.5812603640625 0.5119255390624999 0.5812603640625 0.445026178125
0 0.5671641796875 0.37812681718749996 0.4941956875 0.36212914375 0.4975124375 0.4522978484375 0.5704809281250001 0.43630017499999996 0.5671641796875 0.37812681718749996
0 0.5671641796875 0.28941245000000004 0.4950248765625 0.2908667828125 0.49336650156250006 0.366492146875 0.5679933671875 0.3650378109375 0.5671641796875 0.28941245000000004
0 0.5663349906249999 0.2036067484375 0.49004975 0.21233275156250003 0.4941956875 0.29377545 0.573797678125 0.2908667828125 0.5663349906249999 0.2036067484375
0 0.8043117750000001 0.796974984375 0.725538971875 0.79842931875 0.7305140953125 0.894415359375 0.8051409609375 0.8915066906250001 0.8043117750000001 0.796974984375
0 0.79933665 0.7213496234375001 0.7205638484375 0.724258290625 0.723051409375 0.796974984375 0.800995025 0.7955206515625 0.79933665 0.7213496234375001
0 0.7968490874999999 0.6471785921875 0.7131011609375 0.6544502624999999 0.7164179109375 0.718440953125 0.800995025 0.7198952875 0.7968490874999999 0.6471785921875
0 0.7960199 0.571553228125 0.7164179109375 0.5759162296875 0.721393034375 0.6486329265624999 0.79933665 0.650087259375 0.7960199 0.571553228125
0 0.7918739640625 0.49592786406249995 0.7147595359375 0.5017452015625 0.7189054734375 0.5788248984375 0.7951907140625 0.5686445609375 0.7918739640625 0.49592786406249995
0 0.7902155875 0.4173938328125 0.7089552234375 0.42466550312500007 0.7097844125 0.50465386875 0.7918739640625 0.49447353125 0.7902155875 0.4173938328125
0 0.7935323390625 0.34031413593750004 0.7089552234375 0.34613147187500004 0.7114427859375 0.4232111703125 0.79270315 0.41884816718750006 0.7935323390625 0.34031413593750004
0 0.7868988390625 0.269051775 0.705638475 0.27486910937500003 0.7081260359375 0.34904013906250003 0.7852404640625 0.3388598015625 0.7868988390625 0.269051775
0 0.7852404640625 0.1934264109375 0.6981757875 0.19488074375 0.7014925375 0.27196044218750004 0.7852404640625 0.2661431078125 0.7852404640625 0.1934264109375
0 0.781923715625 0.1294357171875 0.7794361515625 0.08726003437499999 0.733830846875 0.08726003437499999 0.729684909375 0.1236183828125 0.70066335 0.1250727171875 0.7031509125000001 0.19051774375 0.8043117750000001 0.1977894140625 0.8067993375 0.1250727171875 0.781923715625 0.1294357171875
0 0.8764510781249999 0.8071553218749999 0.8781094515625 0.9016870265625 0.95605306875 0.8885980203124999 0.9585406296875 0.79842931875 0.8764510781249999 0.8071553218749999
0 0.8822553890625 0.8071553218749999 0.9618573796875 0.8013379875 0.9577114437500001 0.7213496234375001 0.8847429515625 0.730075625 0.8822553890625 0.8071553218749999
0 0.95522388125 0.6529959265625 0.8797678265625001 0.65154159375 0.8839137640624999 0.728621290625 0.9585406296875 0.724258290625 0.95522388125 0.6529959265625
0 0.95605306875 0.5759162296875 0.881426203125 0.5788248984375 0.881426203125 0.6486329265624999 0.9543946921875 0.650087259375 0.95605306875 0.5759162296875
0 0.9485903828125 0.498836534375 0.874792703125 0.49447353125 0.880597015625 0.5802792328125 0.9585406296875 0.581733565625 0.9485903828125 0.498836534375
0 0.9601990046875001 0.421756834375 0.8623548921875 0.4275741703125 0.8698175796875001 0.5075625359375 0.9585406296875 0.498836534375 0.9601990046875001 0.421756834375
0 0.9477611937500001 0.34467713906249997 0.8714759531249999 0.341768471875 0.875621890625 0.4275741703125 0.94941956875 0.421756834375 0.9477611937500001 0.34467713906249997
0 0.9444444453124999 0.269051775 0.868988390625 0.273414775 0.8714759531249999 0.34613147187500004 0.94693200625 0.34322280312500003 0.9444444453124999 0.269051775
0 0.95356550625 0.19051774375 0.8606965171875001 0.1992437453125 0.8631840796875 0.2792321125 0.94941956875 0.27196044218750004 0.95356550625 0.19051774375
0 0.9427860703125001 0.1207097140625 0.868988390625 0.127981384375 0.8681592046875 0.1934264109375 0.9419568828125 0.18615474062499998 0.9427860703125001 0.1207097140625
0 0.9402985078125001 0.0407213515625 0.8540630171875 0.0407213515625 0.8532338312500001 0.13525305468749999 0.9411276953125001 0.127981384375 0.9402985078125001 0.0407213515625