0 0.14939886875 0.72850035625 0.272277228125 0.7240582812499999 0.2457567171875 0.6121179828125001 0.2563649234375 0.48152096718750004 0.24840877031250003 0.46375266406250004 0.1874115984375 0.4948471921875 0.17680339375 0.5632551515625 0.1608910890625 0.5694740578124999 0.15293493593750002 0.59879175625 0.11845827499999999 0.6058990765625001 0.1149222046875 0.6378820171874999 0.147630834375 0.6556503203124999 0.14939886875 0.72850035625
0 0.25017680468750003 0.6183368875 0.2775813296875 0.7329424296875 0.3456506359375 0.72494669375 0.3244342296875 0.6183368875 0.3191301265625 0.4832977953125 0.26078500781249997 0.4841862109375 0.25017680468750003 0.6183368875
0 0.3262022625 0.6192253015625 0.35183875468750003 0.7302771859375 0.41990806249999996 0.72228145 0.3960396046875 0.59879175625 0.39692362187499997 0.46908315624999997 0.3235502125 0.47174839999999996 0.3262022625 0.6192253015625
0 0.42344413125 0.717839375 0.49946958906249994 0.7116204703125 0.47294908125 0.599680171875 0.48797736875000003 0.4566453453125 0.39869165624999997 0.4655294953125 0.3995756703125 0.6085643203125 0.42344413125 0.717839375
0 0.5074257421875 0.7142857140625 0.5728429968750001 0.70451315 0.5472065078125 0.59257285 0.5631188125000001 0.453091684375 0.489745403125 0.4593105890625 0.47560113125000003 0.601457 0.5074257421875 0.7142857140625
0 0.5781471015624999 0.701847903125 0.6479844406249999 0.699182659375 0.6285360671875 0.5881307734375001 0.6258840171875 0.4539801 0.5640028296875 0.4593105890625 0.550742575 0.5916844359375 0.5781471015624999 0.701847903125
0 0.6320721359375 0.5828002828125001 0.654172559375 0.70273631875 0.7240099015625 0.6965174125 0.7063295625 0.5836886984375 0.7045615265625 0.42732764687499997 0.6276520515625 0.4353233828125 0.6320721359375 0.5828002828125001
0 0.7319660546875 0.697405828125 0.8053394624999999 0.695628996875 0.7841230546875 0.57480455 0.7805869875 0.41222459218749996 0.709865628125 0.4166666671875 0.7107496453125 0.5828002828125001 0.7319660546875 0.697405828125
0 0.7876591234375 0.44243070468749995 0.7885431406250001 0.5756929625 0.8044554453125 0.6849680171875 0.9008132953124999 0.6840796015625 0.8990452624999999 0.596126509375 0.952970296875 0.5943496796875001 0.9679985859375 0.501066096875 0.9167256015625 0.4886282859375 0.9087694484375 0.4388770421875 0.7876591234375 0.44243070468749995
0 0.1237623765625 0.9905828015625 0.23691654999999998 0.9781449906249999 0.2360325328125 0.9097370296875 0.2236562953125 0.8351101640625 0.22100424218749998 0.7373845046875 0.1237623765625 0.7418265828124999 0.0795615265625 0.9203980093749999 0.1237623765625 0.9905828015625
0 0.23072843125000003 0.8368869921875 0.23868458124999997 0.9079601984375 0.23691654999999998 0.976368159375 0.2979137203125 0.970149253125 0.28288543125 0.8333333328125001 0.284653465625 0.72850035625 0.22542432968749998 0.7356076765624999 0.23072843125000003 0.8368869921875
0 0.30233380468750004 0.9594882734375 0.37393918125000003 0.9683724234375 0.3536067890625 0.8262260124999999 0.355374825 0.72494669375 0.29084158437499996 0.729388771875 0.28818953281250004 0.8342217484375001 0.30233380468750004 0.9594882734375
0 0.3757072125 0.97103766875 0.4455445546875 0.9639303484375 0.42344413125 0.8297796734375 0.42344413125 0.7116204703125 0.36156294375 0.7240582812499999 0.3580268734375 0.825337596875 0.3757072125 0.97103766875
0 0.4499646390625 0.9541577828125 0.5215700156249999 0.9506041218749999 0.48709335156250005 0.8217839375 0.49328147031249997 0.7080668078125 0.42963224999999994 0.7196162046875 0.4252121640625 0.82444918125 0.4499646390625 0.9541577828125
0 0.5763790671875 0.7107320546875 0.49946958906249994 0.7142857140625 0.4941654875 0.8217839375 0.5259900984375 0.9355010671875 0.533062234375 0.9728144999999999 0.6028995765625 0.9665955937499999 0.595827440625 0.9266169156249999 0.5613507765625 0.8137882015625 0.5763790671875 0.7107320546875
0 0.564886846875 0.8137882015625 0.60643564375 0.9683724234375 0.68069306875 0.9639303484375 0.6471004234375 0.8120113703125 0.65594059375 0.7054015640625 0.579915134375 0.7098436390625 0.564886846875 0.8137882015625
0 0.651520509375 0.8049040515625 0.6771570031249999 0.9470504625 0.74964639375 0.9399431421875001 0.7337340859375 0.7951314843749999 0.7346181046875 0.6938521671875 0.654172559375 0.7036247343750001 0.651520509375 0.8049040515625
0 0.7363861390625 0.8013503906249999 0.7549504953125 0.9363894796875 0.8318599734375001 0.9381663109374999 0.8177156999999999 0.7880241640625 0.815947665625 0.697405828125 0.7408062234375 0.692963753125 0.7363861390625 0.8013503906249999
0 0.8327439875 0.9168443500000001 0.8742927875 0.900852878125 0.8822489375 0.8742004250000001 0.91760961875 0.8670931062499999 0.9370579921875001 0.78091684375 0.9229137203125 0.6858564328125001 0.922029703125 0.6867448484375 0.8212517671875 0.6920753390625001 0.8327439875 0.9168443500000001