0 0.409523809375 0.08964719374999999 0.42698412656249995 0.2624349328125 0.492063490625 0.2544823609375 0.46984126875000004 0.0838635046875 0.409523809375 0.08964719374999999
0 0.47380952499999995 0.0838635046875 0.4952380953125 0.2595430890625 0.5531746015625 0.258097165625 0.5309523796875 0.0795257375 0.47380952499999995 0.0838635046875
0 0.5333333328125 0.07807981562500001 0.5555555562500001 0.261711971875 0.607936509375 0.2566512421875 0.58015873125 0.073742046875 0.5333333328125 0.07807981562500001
0 0.584126984375 0.0744650078125 0.6119047625 0.2573742046875 0.6611111109375 0.2537593984375 0.6373015859375 0.0730190875 0.584126984375 0.0744650078125
0 0.640476190625 0.06868131718750001 0.6634920640625 0.2566512421875 0.7134920640625 0.25592828125 0.6857142859375001 0.06795835781250001 0.640476190625 0.06868131718750001
0 0.6873015859375 0.06795835781250001 0.7166666671875 0.2544823609375 0.7650793640625 0.24942163125 0.7476190468749999 0.0715731640625 0.6873015859375 0.06795835781250001
0 0.7507936515625 0.0715731640625 0.7682539687500001 0.25014459375000003 0.8174603171875001 0.24652978593750002 0.7992063484374999 0.06868131718750001 0.7507936515625 0.0715731640625
0 0.8031746015625 0.06795835781250001 0.8214285718750001 0.243637940625 0.8746031750000001 0.24074609531250002 0.85 0.06434355 0.8031746015625 0.06795835781250001
0 0.8531746015625 0.0628976296875 0.878571428125 0.23930017343749999 0.9277777781250001 0.23568536562500003 0.8976190468749999 0.0585598609375 0.8531746015625 0.0628976296875
0 0.9817460312499999 0.22700983125000002 0.96825396875 0.08964719374999999 0.953968253125 0.055668015625 0.9 0.0578369015625 0.9333333328125001 0.23568536562500003 0.9817460312499999 0.22700983125000002
0 0.3968253984375 0.5407750140625 0.4626984140625 0.541497975 0.460317459375 0.43739155625 0.44444444375 0.3672643140625 0.378571428125 0.3730480046875 0.3912698421875 0.4410063625 0.3968253984375 0.5407750140625
0 0.46507936406250006 0.5400520531249999 0.5174603171875 0.5357142859375 0.51984126875 0.43016194375000005 0.49761904687499997 0.3636495078125 0.447619046875 0.3672643140625 0.46428571406249997 0.43016194375000005 0.46507936406250006 0.5400520531249999
0 0.5206349203125 0.5371602078125 0.5706349203125 0.5349913234375 0.56825396875 0.42943898125 0.5452380953125 0.361480625 0.5031746015625 0.3658183921875 0.521428571875 0.43160786562500003 0.5206349203125 0.5371602078125
0 0.5730158734375 0.5342683625 0.628571428125 0.5328224406250001 0.6206349203125 0.4258241765625 0.5960317468749999 0.3578658171875 0.5468253984375 0.362926546875 0.5722222218749999 0.42871602031249995 0.5730158734375 0.5342683625
0 0.634126984375 0.5328224406250001 0.6801587312499999 0.529207634375 0.673809525 0.41859456249999993 0.6539682531250001 0.35352805 0.6 0.35858877968749997 0.6253968249999999 0.4222093703125 0.634126984375 0.5328224406250001
0 0.6825396828125 0.529207634375 0.7309523796875 0.5284846734374999 0.723809525 0.41859456249999993 0.707936509375 0.34919028281250003 0.6587301578125 0.3542510125 0.6769841265625 0.41497975781249996 0.6825396828125 0.529207634375
0 0.728571428125 0.4164256796875 0.727777778125 0.5284846734374999 0.7841269843750001 0.5205320984374999 0.778571428125 0.4178716015625 0.757936509375 0.34340659375000004 0.7126984140625 0.35135916875 0.728571428125 0.4164256796875
0 0.7865079359375 0.5212550609375 0.8468253984375 0.5198091375 0.8365079359375001 0.4120879125 0.8111111109375001 0.34340659375000004 0.7626984140624999 0.344852515625 0.78174603125 0.4120879125 0.7865079359375 0.5212550609375
0 0.0190476203125 0.8089936375000001 0.00555555625 0.9167148640624999 0.142063490625 0.9311740890625 0.146031746875 0.905147484375 0.176190475 0.904424521875 0.1825396828125 0.8248987859374999 0.0190476203125 0.8089936375000001
0 0.09444444375 0.7995951421874999 0.177777778125 0.8097165984375 0.1912698421875 0.7258530953125 0.0984126984375 0.720792365625 0.0087301578125 0.7041642578125 0.0015873015625 0.7793522265624999 0.09444444375 0.7995951421874999
0 0.20555555625 0.649219203125 0.01984126875 0.6217466734375 0.0119047625 0.7034412953125 0.096031746875 0.713562753125 0.1928571421875 0.713562753125 0.20555555625 0.649219203125
0 0.009523809375000001 0.609456334375 0.20873015781249998 0.6362058984375001 0.215873015625 0.56680161875 0.015873015625 0.5277617125 0.009523809375000001 0.609456334375
0 0.0134920640625 0.5234239453125 0.2142857140625 0.5566801625 0.223809525 0.48004626874999995 0.023809525 0.45329670312500003 0.0134920640625 0.5234239453125
0 0.01984126875 0.43666859531249996 0.22142857187499998 0.4619722390625 0.23333333281250002 0.38967611406249997 0.03174603125 0.362926546875 0.01984126875 0.43666859531249996
0 0.21746031718749997 0.381723540625 0.2325396828125 0.30798149218750004 0.0428571421875 0.2790630421875 0.0365079359375 0.356419896875 0.21746031718749997 0.381723540625
0 0.034126984375 0.2631578953125 0.24206349062500002 0.287015615625 0.2571428578125 0.20893580156249997 0.0484126984375 0.17206477656250002 0.034126984375 0.2631578953125
0 0.246031746875 0.19881434375 0.25555555625 0.1084441875 0.055555556250000006 0.07807981562500001 0.047619046875 0.1691729328125 0.246031746875 0.19881434375