0 0.25553505468750004 0.0796875 0.233394834375 0.1375 0.19557195624999998 0.13359375 0.171586715625 0.26640625 0.2795202953125 0.28671875 0.29059040625 0.253125 0.29612546093750003 0.209375 0.31734317343749996 0.16640625 0.342250921875 0.09453125 0.25553505468750004 0.0796875
0 0.37546125468749997 0.1703125 0.40498155 0.10078125 0.3487084875 0.09375 0.3238007375 0.159375 0.2998154984375 0.209375 0.2970479703125 0.24921875 0.2758302578125 0.2890625 0.328413284375 0.2984375 0.3514760140625 0.26171875 0.3523985234375 0.22109375 0.37546125468749997 0.1703125
0 0.40682656875 0.11328125 0.35977859843750004 0.21640625 0.349630996875 0.26171875 0.3330258296875 0.3 0.4667896671875 0.3140625 0.48892988906249996 0.23671875 0.43542435468749996 0.2265625 0.4741697421875 0.1234375 0.40682656875 0.11328125
0 0.22693726875000003 0.30703125 0.2287822875 0.2609375 0.138376384375 0.2515625 0.1411439109375 0.315625 0.11439114375 0.31875 0.10055350625 0.36484375 0.12915129218750002 0.38515625 0.10701107031249998 0.43671875 0.1872693734375 0.45546875 0.21125461250000002 0.409375 0.21402214062499997 0.35390625 0.22693726875000003 0.30703125
0 0.27214022187500003 0.4125 0.27675276718749997 0.365625 0.2942804421875 0.2875 0.231549815625 0.275 0.22970479687499998 0.3109375 0.21678966718749998 0.3546875 0.21309963125000003 0.40546875 0.189114390625 0.4609375 0.24354243593749997 0.471875 0.27214022187500003 0.4125
0 0.3339483390625 0.42109375 0.33118081250000003 0.375 0.36070110624999996 0.328125 0.367158671875 0.29609375 0.2970479703125 0.28828125 0.2813653140625 0.3640625 0.2785977859375 0.41328125 0.250922509375 0.46484375 0.31549815468750003 0.48203125 0.3339483390625 0.42109375
0 0.33579335781249997 0.425 0.3182656828125 0.47734375 0.3800738 0.4828125 0.427121771875 0.4609375 0.4317343171875 0.42109375 0.40313653125000004 0.425 0.40682656875 0.384375 0.4372693734375 0.31640625 0.3726937265625 0.3046875 0.36439114375 0.3265625 0.3348708484375 0.37421875 0.33579335781249997 0.425
0 0.137453875 0.48828125 0.11623616249999999 0.53984375 0.0913284140625 0.584375 0.10055350625 0.634375 0.095940959375 0.665625 0.17066420625 0.6765625 0.1761992625 0.646875 0.1780442796875 0.596875 0.21402214062499997 0.50546875 0.137453875 0.48828125
0 0.2610701109375 0.56171875 0.2758302578125 0.50703125 0.2204797046875 0.5046875 0.19926199218750001 0.5515625 0.17988929843749998 0.59921875 0.1808118078125 0.64921875 0.16974169687500001 0.68203125 0.2186346859375 0.68828125 0.23800737968750002 0.65703125 0.2444649453125 0.60703125 0.2610701109375 0.56171875
0 0.3182656828125 0.57734375 0.326568265625 0.51875 0.2813653140625 0.51015625 0.2638376390625 0.56484375 0.247232471875 0.6125 0.24354243593749997 0.6578125 0.2204797046875 0.69296875 0.29612546093750003 0.7046875 0.2988929890625 0.6734375 0.30166051718750003 0.62265625 0.3182656828125 0.57734375
0 0.32564575625000003 0.56796875 0.307195571875 0.62265625 0.2970479703125 0.70859375 0.362546125 0.71796875 0.37546125468749997 0.628125 0.4151291515625 0.53046875 0.3321033203125 0.5109375 0.32564575625000003 0.56796875
0 0.4667896671875 0.94296875 0.557195571875 0.94140625 0.57933579375 0.97109375 0.654059040625 0.93828125 0.63929889375 0.8875 0.5821033203125 0.82578125 0.457564575 0.71328125 0.342250921875 0.7765625 0.4667896671875 0.94296875
0 0.5830258296874999 0.728125 0.574723246875 0.81171875 0.6226937265625 0.8625 0.7038745390625001 0.853125 0.7103321031250001 0.76875 0.73431734375 0.76953125 0.7398523984375001 0.68359375 0.5581180812500001 0.6796875 0.5830258296874999 0.728125
0 0.8911439109374999 0.98671875 0.902214021875 0.9375 0.940959409375 0.93203125 0.94188191875 0.84375 0.7204797046875 0.8296875 0.714022140625 0.85703125 0.6512915125000001 0.86171875 0.6429889296875 0.890625 0.65313653125 0.9328125 0.6660516609375 0.934375 0.6669741703125001 0.96328125 0.70940959375 0.95859375 0.7444649453125 0.98515625 0.8911439109374999 0.98671875
0 0.7389298890625 0.825 0.9501845015624999 0.8421875 0.958487084375 0.69921875 0.7426199265625 0.69140625 0.7389298890625 0.825
0 0.71494465 0.68359375 0.9474169734375 0.69921875 0.958487084375 0.56484375 0.715867159375 0.56328125 0.71494465 0.68359375
0 0.5267527671875001 0.5640625 0.7167896671875 0.5625 0.7020295203125 0.42734375 0.49169741718750004 0.4234375 0.48523985312500006 0.490625 0.5258302578125 0.4875 0.5267527671875001 0.5640625
0 0.70940959375 0.440625 0.7204797046875 0.5578125 0.9381918812500001 0.5625 0.94188191875 0.42265625 0.70940959375 0.440625
0 0.5064575640625 0.3234375 0.5027675281249999 0.3984375 0.5433579328125 0.39921875 0.5488929890625001 0.41796875 0.6918819187499999 0.4203125 0.6983394828125 0.33046875 0.5987084874999999 0.325 0.5064575640625 0.3234375
0 0.5119926203125 0.32265625 0.6992619921875 0.33046875 0.70940959375 0.28515625 0.51568265625 0.27421875 0.5119926203125 0.32265625
0 0.517527675 0.26171875 0.611623615625 0.275 0.6411439109375 0.203125 0.53690036875 0.1875 0.517527675 0.26171875
0 0.7601476015624999 0.0484375 0.7527675281249999 0.03671875 0.6586715859375001 0.040625 0.613468634375 0.075 0.61808118125 0.15703125 0.715867159375 0.16328125 0.7167896671875 0.1796875 0.94188191875 0.17734375 0.9335793359375 0.05625 0.7601476015624999 0.0484375
0 0.9511070109374999 0.19765625 0.7029520296875 0.184375 0.6918819187499999 0.2703125 0.7066420671875 0.309375 0.9326568265624999 0.30625 0.9511070109374999 0.19765625
0 0.6964944656250001 0.44296875 0.80811808125 0.43828125 0.8939114390625 0.425 0.902214021875 0.4015625 0.9566420671874999 0.4 0.9474169734375 0.3015625 0.6983394828125 0.31875 0.6964944656250001 0.44296875