0 0.1795984796875 0.854323309375 0.21649484531250002 0.8637218046875 0.2501356484375 0.6071428578125 0.2051003796875 0.586466165625 0.20075963125000001 0.6099624046875001 0.1730873578125 0.603383459375 0.140531740625 0.6748120296875 0.144329896875 0.7030075203124999 0.13510580625 0.7227443609375 0.11774281093750001 0.7218045109375 0.10960390625000001 0.7481203 0.0824742265625 0.7443609015625 0.0721649484375 0.8148496234374999 0.076505696875 0.834586465625 0.0759631046875 0.8937969921875 0.13402061875 0.913533834375 0.141074334375 0.8825187968750001 0.1730873578125 0.895676690625 0.1795984796875 0.854323309375
0 0.3488876828125 0.8787593984375001 0.3288117203125 0.8609022546875 0.33478025 0.801691728125 0.35268583750000004 0.7988721796875 0.3602821484375 0.7133458640625 0.345632121875 0.7011278203125 0.3488876828125 0.6475563906249999 0.2506782421875 0.6203007515625 0.22246337500000002 0.8317669171875 0.2365708078125 0.8486842109375001 0.2376559953125 0.9031954890625 0.2604449265625 0.948308271875 0.31199131874999997 0.9558270671875 0.32013022343749997 0.9342105265624999 0.344546934375 0.9304511281250001 0.3488876828125 0.8787593984375001
0 0.37710255 0.5921052625 0.385784046875 0.3580827078125 0.31090613125 0.3411654140625 0.201302225 0.5573308265625 0.2132392828125 0.5996240609375 0.301139446875 0.6306390984375 0.345632121875 0.5817669171875 0.37710255 0.5921052625
0 0.5756918078125 0.437969925 0.3830710796875 0.46522556406250004 0.3711340203125 0.6654135343750001 0.586543678125 0.634398496875 0.5756918078125 0.437969925
0 0.55507325 0.3289473671875 0.5192620734375 0.3317669171875 0.5160065109375 0.292293234375 0.3950081390625 0.304511278125 0.38415626718749996 0.3778195484375 0.3933803578125 0.45582706718750005 0.55670103125 0.4323308265625 0.55507325 0.3289473671875
0 0.4150841015625 0.8430451124999999 0.4167118828125 0.8731203000000001 0.4747693984375 0.864661653125 0.479652740625 0.8468045109375 0.51003798125 0.835526315625 0.5078676078125001 0.791353384375 0.5160065109375 0.7838345859375 0.5154639171875 0.74906015 0.5409658171875 0.739661653125 0.542593596875 0.649436090625 0.3700488328125 0.6701127828125 0.366793271875 0.7763157890625 0.386326640625 0.7857142859375 0.387954421875 0.8411654140625 0.4150841015625 0.8430451124999999
0 0.654367878125 0.864661653125 0.6728160609375 0.8731203000000001 0.6760716234374999 0.8937969921875 0.69126424375 0.8947368421874999 0.6934346171875 0.9107142859374999 0.744981009375 0.9041353375 0.7476939765624999 0.8872180453125 0.7607162234375 0.8806390984375 0.7623440046875001 0.8054511281250001 0.7693977203125 0.7875939859375001 0.7634291921874999 0.676691728125 0.6706456859375 0.694548871875 0.66684753125 0.7584586468750001 0.6527400984375 0.7791353375 0.6483993484374999 0.8157894734375001 0.654367878125 0.864661653125
0 0.798697775 0.7453007515625 0.77590884375 0.7810150375 0.7742810640625 0.834586465625 0.767227346875 0.8411654140625 0.766142159375 0.854323309375 0.7618014109375 0.8674812031249999 0.7542051 0.9539473671875 0.8952794359375 0.9558270671875 0.9028757468749999 0.9107142859374999 0.9256646765625 0.9060150374999999 0.93380358125 0.8590225578125 0.9506239828125 0.8439849625000001 0.945740640625 0.7058270671875 0.9115572437499999 0.7180451125 0.9034183390624999 0.7387218046874999 0.798697775 0.7453007515625
0 0.7959848078125 0.710526315625 0.969614759375 0.697368421875 0.968529571875 0.6024436093750001 0.934346175 0.600563909375 0.9321758000000001 0.5169172921875 0.8068366796875001 0.5281954890625 0.8019533375 0.5930451125 0.7943570265625 0.5986842109375 0.7959848078125 0.710526315625
0 0.6966901796875 0.695488721875 0.702116115625 0.6748120296875 0.791644059375 0.6560150375 0.7900162765625 0.5874060140624999 0.768855128125 0.5874060140624999 0.767227346875 0.5573308265625 0.7059142703125 0.5648496234375 0.6272381984375001 0.572368421875 0.6283233859374999 0.7067669171875 0.6966901796875 0.695488721875
0 0.634291915625 0.4859022546875 0.6375474765625 0.569548871875 0.7807921859375 0.5535714281249999 0.7813347796875 0.46522556406250004 0.634291915625 0.4859022546875
0 0.7954422140624999 0.3289473671875 0.787845903125 0.2349624046875 0.62018448125 0.25187970000000004 0.633206728125 0.459586465625 0.7862181234375 0.4313909765625 0.7802495921875 0.3308270671875 0.7954422140624999 0.3289473671875
0 0.7704829078125 0.0263157890625 0.6988605531250001 0.042293234375 0.7118827999999999 0.24436090156249998 0.7867607171875 0.2340225578125 0.7704829078125 0.0263157890625
0 0.946283234375 0.2969924796875 0.9332609875 0.1287593984375 0.7824199671875001 0.1522556390625 0.7959848078125 0.3439849625 0.946283234375 0.2969924796875