0 0.1698942625 0.1750891171875 0.1093026015625 0.17299224062500002 0.10692645781250001 0.20759068906249997 0.06890816250000001 0.21388131718749998 0.06653201875 0.44348920156249994 0.15147914843750002 0.4466345140625 0.14435071875 0.31557978750000004 0.15504336406250002 0.22331725625 0.1704882984375 0.2044453765625 0.1698942625 0.1750891171875
0 0.17108233281250002 0.17299224062500002 0.1698942625 0.1981547484375 0.15266722187499998 0.21912350625000002 0.1532612578125 0.24323757499999998 0.14435071875 0.311386034375 0.15147914843750002 0.44977982812499995 0.20613045 0.4529251421875 0.188903409375 0.311386034375 0.2055364140625 0.22122038281249998 0.2287038140625 0.1750891171875 0.17108233281250002 0.17299224062500002
0 0.28097897031249996 0.1195219125 0.2287038140625 0.12371566406250001 0.22929784999999997 0.18662193437500002 0.207318521875 0.22960788437500002 0.1906855171875 0.3134829109375 0.20850659375 0.4550220171875 0.25127717656250004 0.4539735796875 0.2382083875 0.3166282234375 0.25068314062499997 0.23694694843750003 0.27266246875 0.2023485 0.28097897031249996 0.1195219125
0 0.283355115625 0.1195219125 0.2732565046875 0.21388131718749998 0.2518712140625 0.23694694843750003 0.24177260312499999 0.3218704125 0.25246525000000003 0.4602642078125 0.2982060109375 0.46131264375000003 0.2881074015625 0.3239672890625 0.301176190625 0.209687565625 0.3100867296875 0.122667225 0.283355115625 0.1195219125
0 0.310680765625 0.122667225 0.289889509375 0.3239672890625 0.3005821546875 0.4634095203125 0.346916953125 0.46760327031250004 0.3308779859375 0.3271126015625 0.34572888125 0.23275319687499998 0.3582036359375 0.1258125390625 0.310680765625 0.122667225
0 0.42057740312499997 0.13315160312500002 0.36057977812500003 0.12895785312500002 0.333254128125 0.3344516671875 0.3475109890625 0.45921576875000003 0.3944398234375 0.4644579578125 0.38315314218749996 0.331306353125 0.393251753125 0.239043825 0.42057740312499997 0.206542253125 0.42057740312499997 0.13315160312500002
0 0.468694309375 0.21597819375 0.47344659531250005 0.1415391078125 0.422953546875 0.1352484796875 0.425923725 0.20759068906249997 0.3944398234375 0.24218913749999998 0.3855292859375 0.32606416562499996 0.3962219328125 0.469700146875 0.44671498125 0.470748584375 0.436616371875 0.33654854218749997 0.44730901718749994 0.2537219546875 0.45027919687500007 0.2338016359375 0.468694309375 0.21597819375
0 0.5263157890625 0.1457328578125 0.4752287046875 0.14258754375 0.472852559375 0.209687565625 0.4508732328125 0.2348500734375 0.4372104078125 0.33864541875 0.449091125 0.4749423359375 0.49661399531250006 0.4791360875 0.4853273140625 0.3271126015625 0.4978020671875 0.24743132656250003 0.5251277171875001 0.2170266296875 0.5263157890625 0.1457328578125
0 0.5684923375000001 0.22646257187500002 0.5714625156250001 0.146781296875 0.5286919328125 0.1457328578125 0.5275038609375 0.2170266296875 0.498396103125 0.25057664218750003 0.48829749375000003 0.33864541875 0.499584175 0.4812329625 0.544136865625 0.4759907734375 0.5411666859375 0.392115746875 0.53403825625 0.330257915625 0.5471070453125 0.2537219546875 0.5684923375000001 0.22646257187500002
0 0.6148271359375 0.22331725625 0.6166092421875 0.1436359828125 0.576214803125 0.1457328578125 0.5714625156250001 0.22331725625 0.5477010812499999 0.25791570468749997 0.5358203640625 0.3344516671875 0.5435428296875 0.39526106250000004 0.5453249375 0.469700146875 0.5892835921875 0.4791360875 0.5904716640625 0.39945481250000003 0.5821551625 0.33969385625 0.5958179875 0.2547703921875 0.6148271359375 0.22331725625
0 0.66175596875 0.23694694843750003 0.6647261484375 0.149926609375 0.6201734578125 0.146781296875 0.6172032781250001 0.2275110078125 0.5987881671874999 0.25057664218750003 0.5851253421875 0.34179073125000003 0.5916597359375 0.39945481250000003 0.5904716640625 0.4791360875 0.6338362828124999 0.4770392109375 0.64155875 0.39526106250000004 0.6338362828124999 0.329209478125 0.64393489375 0.26210945625000004 0.66175596875 0.23694694843750003
0 0.709278840625 0.23694694843750003 0.711654984375 0.171943803125 0.665320184375 0.1604109875 0.665320184375 0.2338016359375 0.6480931437499999 0.25581883125 0.63502435625 0.33340322968749997 0.64393489375 0.40050325156250005 0.63918260625 0.488572028125 0.6878935484375 0.48752358906250004 0.6944279437499999 0.40050325156250005 0.6813591546875 0.33864541875 0.697992159375 0.266303209375 0.709278840625 0.23694694843750003
0 0.7674943562500001 0.2379953859375 0.7698705 0.1656531765625 0.715813234375 0.16879849062500002 0.711654984375 0.246382890625 0.7009623390625 0.26210945625000004 0.6837352984375 0.349129796875 0.6962100515625 0.4036485640625 0.688487584375 0.5063954703125 0.7467031000000001 0.510589221875 0.746109065625 0.4036485640625 0.7336343109375 0.345984484375 0.7455150296874999 0.266303209375 0.7674943562500001 0.2379953859375
0 0.81382915625 0.239043825 0.8191754781249999 0.1625078625 0.7704645359375 0.1604109875 0.7704645359375 0.23694694843750003 0.7508613515625 0.2642063328125 0.7371985265625 0.345984484375 0.7478911734375 0.412036065625 0.7467031000000001 0.488572028125 0.7936319359375 0.49381421718749996 0.7948200062499999 0.408890753125 0.783533325 0.35542042500000004 0.7960080796875 0.2704969609375 0.81382915625 0.239043825
0 0.8655102765624999 0.2379953859375 0.8702625640624999 0.1656531765625 0.8209575859375 0.15936255 0.8144231906250001 0.246382890625 0.8001663296875 0.2704969609375 0.787097540625 0.35437198593749997 0.7960080796875 0.408890753125 0.794225971875 0.49905640625 0.8334323390625 0.49381421718749996 0.8393726984375001 0.40155168750000003 0.8334323390625 0.350178234375 0.8470951640625 0.272593834375 0.8655102765624999 0.2379953859375
0 0.8500653437500001 0.271545396875 0.835214446875 0.351226671875 0.839966734375 0.4172782546875 0.8328383031250001 0.5001048453125 0.8863015328125 0.5022017187500001 0.8898657484375001 0.40784231406250004 0.9047166437499999 0.23694694843750003 0.8678864203125001 0.2358985125 0.8500653437500001 0.271545396875
0 0.9664963765625 0.5032501578125 0.970654628125 0.36171105 0.8946180343749999 0.3606626140625 0.8863015328125 0.5042985953125 0.9664963765625 0.5032501578125
0 0.9136271828125 0.5955126859375001 0.921943684375 0.814636190625 0.98312938125 0.7894736828125 0.9736248062499999 0.5829314328125 0.9136271828125 0.5955126859375001
0 0.8815492453125 0.8775424624999999 0.9231317578124999 0.8702033968749999 0.9118450749999999 0.592367371875 0.8589758828124999 0.592367371875 0.8411548062499999 0.7297127265625 0.857193775 0.830362759375 0.8756088875 0.8282658843749999 0.8815492453125 0.8775424624999999
0 0.835214446875 0.880687775 0.869668528125 0.8733487109375 0.8601639531249999 0.830362759375 0.8387786625 0.731809603125 0.8548176312500001 0.5965611234375 0.8061066890624999 0.6018033125 0.7888796484375 0.7370517921874999 0.8108589765625001 0.827217446875 0.8358084828125 0.831411196875 0.835214446875 0.880687775
0 0.78590946875 0.8964143421875 0.8346204109375 0.8859299640625 0.8346204109375 0.8377018250000001 0.8090768671875 0.827217446875 0.7882856125 0.7360033546875 0.805512653125 0.608093940625 0.7556136390625 0.6143845671875 0.7377925624999999 0.7433424203125 0.768682428125 0.8450408890625001 0.7865035046875 0.8397986984375001 0.78590946875 0.8964143421875
0 0.7164072703125 0.8597190171875001 0.7669003203125 0.8471377656250001 0.7389806343750001 0.7422939828125 0.7496732796875001 0.6531767671875001 0.7591778546875 0.61857831875 0.7603659265625 0.5441392328125 0.704526553125 0.5493814218749999 0.7027444453125 0.6531767671875001 0.697992159375 0.7443908578125 0.7164072703125 0.8597190171875001
0 0.6469050734375 0.751729921875 0.667696328125 0.8848815265625 0.6831412625 0.8827846515625 0.6920518 0.86076745625 0.7152192 0.8597190171875001 0.6950219796875 0.747536171875 0.7069026968750001 0.5451876718750001 0.6516573593749999 0.5504298578125 0.6480931437499999 0.6175298812500001 0.6469050734375 0.751729921875
0 0.6124509921875 0.8492346390625001 0.615421171875 0.9131893484375 0.6409647140625 0.9121409109374999 0.642746821875 0.8597190171875001 0.658785790625 0.8555252671875 0.64393489375 0.7496330453125 0.6504692875 0.5535751734375001 0.6053225609374999 0.5588173624999999 0.6011643109375 0.68043615 0.5940358796874999 0.7632627390625 0.6124509921875 0.8492346390625001
0 0.5631460140625 0.8534283921875 0.56611619375 0.9173831 0.6136390640625 0.9152862234375 0.6088867765625 0.8628643328125 0.59344184375 0.7643111765625 0.599382203125 0.6867267765625 0.6023523828124999 0.5598658015625 0.557799690625 0.568253303125 0.553641440625 0.68043615 0.5459189734375001 0.767456490625 0.5631460140625 0.8534283921875
0 0.5215635015625 0.9331096671875001 0.5655221578125 0.9226252890625 0.5643340859375 0.8534283921875 0.5459189734375001 0.768504928125 0.5572056562500001 0.5818829937500001 0.5043364609375 0.5955126859375001 0.5061185703125 0.6825330265625 0.4978020671875 0.7768924296875 0.5215635015625 0.9331096671875001
0 0.471070453125 0.9490526312500001 0.5215635015625 0.9417135671875 0.49661399531250006 0.78108618125 0.503742425 0.6898720890625001 0.5043364609375 0.5944642484375 0.52037543125 0.5514782968749999 0.4580016640625 0.557768925 0.45027919687500007 0.7079119296874999 0.44730901718749994 0.7907385203125 0.471070453125 0.9490526312500001
0 0.393251753125 0.7896900812500001 0.41879529531250004 0.9605854484374999 0.46691220156249996 0.9521979437500001 0.44493287343750004 0.7813025796875 0.4568135921875 0.5537915703125 0.466318165625 0.5328228140625 0.395627896875 0.5516946953125 0.3902815734375 0.617746278125 0.40216229062500003 0.6879916109375 0.393251753125 0.7896900812500001
0 0.370084353125 0.9595370093750001 0.41938933125 0.9574401328125001 0.3896875375 0.7907385203125 0.40097421874999994 0.6921853640625 0.388499465625 0.6135525265624999 0.3938457875 0.5527431328125 0.41166686406249997 0.5328228140625 0.40988475781249994 0.5149993703125 0.35345134843750003 0.5254837484375 0.349293096875 0.737268190625 0.343946775 0.795980709375 0.370084353125 0.9595370093750001
0 0.3665201375 0.9637307609375 0.3409765953125 0.7938838328125 0.349293096875 0.6219400296875001 0.3296899125 0.616697840625 0.319591303125 0.67016816875 0.30889865781250003 0.6743619203125 0.29523583124999997 0.8033197734374999 0.32315551875000004 0.96897295 0.3665201375 0.9637307609375
0 0.3213734109375 0.9668760734375 0.293453725 0.8033197734374999 0.305928478125 0.6775072343749999 0.257811571875 0.6817009859375001 0.24355471093749997 0.8148525890625 0.278008790625 0.978408890625 0.3213734109375 0.9668760734375
0 0.260187715625 0.9207448109374999 0.24177260312499999 0.817997903125 0.253059284375 0.679604109375 0.209694665625 0.68904005 0.1930616609375 0.816949465625 0.2174171328125 0.9238901234375 0.260187715625 0.9207448109374999
0 0.214446953125 0.9207448109374999 0.192467625 0.8200947781249999 0.20613045 0.68904005 0.1574195078125 0.698475990625 0.150291078125 0.8326760312499999 0.17642865624999998 0.9542948203125 0.214446953125 0.9207448109374999
0 0.1093026015625 0.8337244703125 0.10752049374999999 0.932277625 0.166330046875 0.9312291890625 0.14850896875 0.8242885296875 0.15563739999999998 0.6995244281249999 0.108708565625 0.6995244281249999 0.068238684375 0.7110572453125 0.0807134375 0.835821346875 0.1093026015625 0.8337244703125