0 0.07699322812500001 0.3074920921875 0.2745864703125 0.2944073203125 0.25073900937500004 0.063243053125 0.0735864484375 0.07705475625 0.07699322812500001 0.3074920921875
0 0.0763118734375 0.328573109375 0.0851695 0.5357486328125 0.2739051140625 0.5306601109375 0.26300341875 0.31984992968750003 0.0763118734375 0.328573109375
0 0.272542403125 0.761824378125 0.2643661296875 0.5342947687499999 0.0463322078125 0.545925675 0.0476949203125 0.7669129 0.272542403125 0.761824378125
0 0.27867460624999996 0.979903875 0.2711796890625 0.7669129 0.057233904687500003 0.777816875 0.055871192187499995 0.98063080625 0.27867460624999996 0.979903875
0 0.2779932515625 0.9820846703124999 0.4217593671875 0.9813577390624999 0.4197153 0.734200975 0.2766305375 0.731293246875 0.2779932515625 0.9820846703124999
0 0.4217593671875 0.7327471125 0.4244847921875 0.94501115625 0.5886915890625 0.9442842234375 0.5852848093749999 0.73347404375 0.4217593671875 0.7327471125
0 0.5839220968750001 0.6200727046875001 0.49602717187499995 0.6142572515625 0.48921361093750004 0.574276009375 0.412220384375 0.574276009375 0.4142644515625 0.7327471125 0.5900543015624999 0.7371087000000001 0.5839220968750001 0.6200727046875001
0 0.4217593671875 0.2914995953125 0.273223759375 0.3067651609375 0.2820813859375 0.5204830671875 0.43879326875 0.5153945453125 0.4217593671875 0.2914995953125
0 0.2814000296875 0.3074920921875 0.4272102140625 0.29222652656250003 0.4135830953125 0.030531129687500002 0.252101721875 0.0421620375 0.2814000296875 0.3074920921875
0 0.42789157187500004 0.29295345781250004 0.6050441328125 0.2864110734375 0.59073565625 0.051612146875 0.4183525875 0.0574276 0.42789157187500004 0.29295345781250004
0 0.4238034359375 0.2907726640625 0.43879326875 0.5095790921875001 0.584603453125 0.5081252296875001 0.59073565625 0.2878649359375 0.4238034359375 0.2907726640625
0 0.6111763375 0.049431353125 0.6125390484375 0.2689647140625 0.7617560140624999 0.2660569859375 0.7719763546875 0.1192167921875 0.7174678734375 0.05524680625 0.6111763375 0.049431353125
0 0.7747017796875 0.12212451875000001 0.7563051656249999 0.2944073203125 0.9341390828125 0.2871380046875 0.9211933203125 0.049431353125 0.841474665625 0.0530660109375 0.8421560234375001 0.11412827031249999 0.7747017796875 0.12212451875000001
0 0.6990712625 0.9297455906250001 0.7133797375 0.88104116875 0.7528983859375 0.8694102625 0.7556238109375 0.716027684375 0.5914170125 0.740743359375 0.600955996875 0.9297455906250001 0.6990712625 0.9297455906250001
0 0.5893729453125001 0.5226638625 0.5798339609375 0.5975378234375001 0.619352609375 0.6222535 0.620715321875 0.72547779375 0.6990712625 0.7218431375 0.7024780421875 0.6346113375 0.7106543140625 0.6048071390625 0.740633978125 0.5982647546875001 0.7433594015625 0.5299331796875 0.5893729453125001 0.5226638625
0 0.7556238109375 0.717481546875 0.753579740625 0.918841615625 0.9273255234375 0.9130261624999999 0.916423828125 0.71311995625 0.7556238109375 0.717481546875
0 0.9246000984375 0.6862234843749999 0.9280068796875 0.505944434375 0.753579740625 0.5110329546875 0.7501729625 0.616438046875 0.7896916093749999 0.6309766796875 0.78219669375 0.6942197343750001 0.9246000984375 0.6862234843749999