0 0.6750001046875 0.1476359453125 0.5320008953124999 0.1441124140625 0.4870739390625 0.16736771718750001 0.48488238125 0.20013655468749997 0.6826705609375 0.2082406765625 0.6750001046875 0.1476359453125
0 0.0882102421875 0.541919053125 0.22134743750000002 0.5433284640625 0.2301136734375 0.3981589921875 0.112865278125 0.3974542859375 0.0882102421875 0.541919053125
0 0.493100725 0.2011936140625 0.4925528359375 0.22163009374999998 0.6771916640625 0.2339624515625 0.6788353328125 0.2068312625 0.493100725 0.2011936140625
0 0.485978159375 0.22163009374999998 0.4887176078125 0.24946598749999999 0.6739043234375 0.26496952500000004 0.6777395515625 0.2329053921875 0.485978159375 0.22163009374999998
0 0.48543026874999995 0.249818340625 0.48159504062499997 0.279416 0.6717127671875 0.2889295328125 0.6711648765625 0.2607412859375 0.48543026874999995 0.249818340625
0 0.47940348281249995 0.280473059375 0.47940348281249995 0.31007071875 0.6733564375000001 0.318174840625 0.6733564375000001 0.28998659375 0.47940348281249995 0.280473059375
0 0.4772119265625 0.31042307187499996 0.47666403593749995 0.3375542609375 0.6750001046875 0.347420146875 0.672808546875 0.31535601562500004 0.4772119265625 0.31042307187499996
0 0.4777598125 0.33649720156249996 0.4799513734375 0.3622189765625 0.6640423109375 0.3713801578125 0.6744522140625 0.34706779375 0.4777598125 0.33649720156249996
0 0.4837866015625 0.3639807421875 0.48159504062499997 0.3939307546875 0.6629465296875 0.4023872296875 0.6662338703125 0.37067545 0.4837866015625 0.3639807421875
0 0.4728288078125 0.395692521875 0.46625413125000004 0.436213125 0.657467634375 0.4446696 0.6645902 0.403796640625 0.4728288078125 0.395692521875
0 0.72540595625 0.1800524296875 0.72540595625 0.21141185468749998 0.9352477109375 0.20577420468750002 0.937987159375 0.17300536718749998 0.72540595625 0.1800524296875
0 0.7226665078125001 0.21141185468749998 0.7199270609374999 0.23607657031249998 0.9368913796875 0.23607657031249998 0.9357955984374999 0.20436479375 0.7226665078125001 0.21141185468749998
0 0.7193791703125 0.2350195109375 0.7199270609374999 0.26708364375000004 0.930316703125 0.2610936390625 0.9336040406249999 0.23431480625 0.7193791703125 0.2350195109375
0 0.72814540625 0.267435996875 0.7297890734375 0.29280541875 0.927029365625 0.28998659375 0.9336040406249999 0.261798346875 0.72814540625 0.267435996875
0 0.7330764125 0.3216983703125 0.7385553109375 0.3463630890625 0.927029365625 0.34248720312500003 0.9264814749999999 0.31570836875 0.7330764125 0.3216983703125
0 0.75060888125 0.3477725 0.7489652140625 0.3766654546875 0.927029365625 0.36820897812500003 0.9297688125000001 0.3421348515625 0.75060888125 0.3477725
0 0.75060888125 0.378779571875 0.7456778765625 0.40872958437499995 0.9248378046875001 0.4041489953125 0.9259335859375 0.3675042734375 0.75060888125 0.378779571875
0 0.7374595296875001 0.41013899687500005 0.7385553109375 0.44678371875 0.9325082609375 0.44326018749999996 0.9297688125000001 0.4034442875 0.7374595296875001 0.41013899687500005
0 0.7325285218750001 0.294567184375 0.7297890734375 0.3234601375 0.9226462468750001 0.31288954375 0.9264814749999999 0.28998659375 0.7325285218750001 0.294567184375
0 0.7374595296875001 0.4978749171875 0.73636375 0.5345196375000001 0.9188110187499999 0.5281772828125 0.9193589093750001 0.4961131515625 0.7374595296875001 0.4978749171875
0 0.7330764125 0.534871990625 0.7308848546875 0.5609461203125 0.9182631296875 0.5560131765625 0.9193589093750001 0.5281772828125 0.7330764125 0.534871990625
0 0.735267971875 0.5602414140625 0.736911640625 0.5894867203125 0.9193589093750001 0.5877249546875001 0.9177152390625001 0.5567178828125 0.735267971875 0.5602414140625
0 0.7385553109375 0.5908961328125 0.736911640625 0.620141440625 0.9138800109374999 0.606752021875 0.91552368125 0.5859631890625 0.7385553109375 0.5908961328125
0 0.7391032 0.6211984984375001 0.7330764125 0.6493867453125 0.9105926734375 0.6426920375 0.91552368125 0.6099232 0.7391032 0.6211984984375001
0 0.729241184375 0.64762498125 0.7275975171875 0.6744038140625 0.9094968953125001 0.665242634375 0.9100447828125 0.640225565625 0.729241184375 0.64762498125
0 0.72540595625 0.6744038140625 0.7275975171875 0.7036491218750001 0.9073053359375001 0.6948402953125 0.90894900625 0.66629969375 0.72540595625 0.6744038140625
0 0.7303369640625 0.7036491218750001 0.7286932937499999 0.731485015625 0.9073053359375001 0.7244379546874999 0.908401115625 0.693078528125 0.7303369640625 0.7036491218750001
0 0.7286932937499999 0.73042795625 0.7270496265624999 0.761082675 0.9062095578125 0.7498073765625 0.90894900625 0.72619971875 0.7286932937499999 0.73042795625
0 0.7226665078125001 0.7624920890625 0.7237622890625001 0.786452096875 0.905113778125 0.7801097421875001 0.9073053359375001 0.7501597296875 0.7226665078125001 0.7624920890625
0 0.7199270609374999 0.78680445 0.721570728125 0.8153450515625 0.9018264390624999 0.8061838703124999 0.9045658875000001 0.7790526843750001 0.7199270609374999 0.78680445
0 0.7226665078125001 0.81464034375 0.721570728125 0.8414191796875 0.900730659375 0.8371909437499999 0.9023743296875001 0.8072409296874999 0.7226665078125001 0.81464034375
0 0.7188312796874999 0.8400097671875001 0.7188312796874999 0.8699597812500001 0.8974433218750001 0.862560365625 0.900730659375 0.8375432953124999 0.7188312796874999 0.8400097671875001
0 0.7199270609374999 0.8685503671875001 0.7226665078125001 0.897795675 0.8985391015624999 0.8928627312499999 0.8979912109375 0.8650268375 0.7199270609374999 0.8685503671875001
0 0.8629262687500001 0.9513533437499999 0.9127842328125 0.9122421515625 0.9105926734375 0.893215084375 0.699655140625 0.9006144984375 0.7051340390624999 0.953819815625 0.8629262687500001 0.9513533437499999
0 0.64596195 0.9513533437499999 0.65034506875 0.8911009671875 0.455844228125 0.8826444906249999 0.4509132203125 0.9242221562499999 0.5002232906249999 0.9524104031249999 0.64596195 0.9513533437499999
0 0.462418903125 0.8467044765624999 0.455844228125 0.8812350796875 0.6454140609375 0.89145331875 0.6476056203125 0.860446246875 0.462418903125 0.8467044765624999
0 0.46296679375 0.8181638765624999 0.45967945312499997 0.8456474171874999 0.6487013984375001 0.860446246875 0.6519887390625 0.8336674109375 0.46296679375 0.8181638765624999
0 0.46954147031250004 0.7938515125000001 0.46461046093749997 0.8178115234375 0.6508929593749999 0.832258 0.6552760765625 0.8068885781249999 0.46954147031250004 0.7938515125000001
0 0.4678978 0.767072678125 0.46296679375 0.793499159375 0.6508929593749999 0.8054791640625 0.6508929593749999 0.7843379781250001 0.4678978 0.767072678125
0 0.4689935796875 0.7374750171875 0.46625413125000004 0.7653109109375 0.6492492890625 0.7808144484375 0.6519887390625 0.7491026703125 0.4689935796875 0.7374750171875
0 0.46844568906250006 0.7114008890625 0.4651583515625 0.7371226640625 0.6525366265625 0.7483979640625 0.654180296875 0.720914421875 0.46844568906250006 0.7114008890625
0 0.4711851375 0.6810985234375 0.4651583515625 0.7092867703125 0.6508929593749999 0.7195050109375 0.6558239640625 0.695545 0.4711851375 0.6810985234375
0 0.4799513734375 0.6511485109375 0.4733766984375 0.6782797 0.6552760765625 0.695897353125 0.6585634140625001 0.6680614593749999 0.4799513734375 0.6511485109375
0 0.4799513734375 0.6233126171875 0.475020365625 0.6507961578125 0.6558239640625 0.6666520484375 0.6552760765625 0.64057791875 0.4799513734375 0.6233126171875
0 0.489265496875 0.5930102515625 0.47447247499999995 0.622607909375 0.6525366265625 0.6398732125000001 0.654180296875 0.606752021875 0.489265496875 0.5930102515625
0 0.06081575625 0.6564338078125 0.06465098281250001 0.6701755781250001 0.04547484375 0.6775749921875 0.1106737203125 0.7772909171875 0.292573096875 0.731485015625 0.283258971875 0.696602059375 0.25422081875 0.64339674375 0.190117725 0.645863215625 0.159983790625 0.63494026875 0.06081575625 0.6564338078125
0 0.20655441406250002 0.642339684375 0.2405235765625 0.6419873296875 0.22134743750000002 0.622607909375 0.1955966203125 0.628245559375 0.20655441406250002 0.642339684375