0 0.339223925 0.51371224375 0.3311913 0.192766296875 0.2082303515625 0.192766296875 0.155091446875 0.5007949125 0.339223925 0.51371224375
0 0.4547701421875 0.5007949125 0.46280276875000004 0.195747215625 0.3373702421875 0.202702703125 0.33489866562500004 0.5067567562499999 0.4547701421875 0.5007949125
0 0.46589223906250005 0.49880763124999994 0.579584775 0.4888712234375 0.6135689578125 0.3288950703125 0.583910034375 0.195747215625 0.47207118125 0.1917726546875 0.46589223906250005 0.49880763124999994
0 0.608625803125 0.3368441953125 0.584527928125 0.5047694765624999 0.7229362328125 0.4809220984375 0.7303509640625 0.32392686875 0.69389520625 0.1887917328125 0.58823529375 0.202702703125 0.608625803125 0.3368441953125
0 0.7266435984374999 0.3199523046875 0.72726149375 0.4789348171875 0.8545477015625 0.468998409375 0.8669055859375 0.324920509375 0.840336134375 0.1997217796875 0.71119624375 0.1987281390625 0.7266435984374999 0.3199523046875
0 0.8712308453125001 0.33187599375 0.856401384375 0.47794117500000005 0.9750370734375 0.45310015937500003 0.9805981218750001 0.2653020671875 0.9583539312499999 0.1967408578125 0.8483687578125 0.19773449999999998 0.8712308453125001 0.33187599375
0 0.9805981218750001 0.5107313203125 0.8384824515625 0.52166136875 0.8496045484374999 0.804848965625 0.974419178125 0.787957075 0.9805981218750001 0.5107313203125
0 0.8372466640624999 0.5256359296875 0.7167572921875001 0.530604134375 0.7179930796875 0.8068362468749999 0.840336134375 0.8108108109375 0.8372466640624999 0.5256359296875
0 0.7136678187500001 0.8088235296875 0.7081067734375 0.5345786953125 0.583292140625 0.524642290625 0.5950321296875 0.8018680437500001 0.7136678187500001 0.8088235296875
0 0.582056353125 0.532591415625 0.4745427578125 0.538553259375 0.4714532875 0.7869634328124999 0.5894710812499999 0.803855325 0.582056353125 0.532591415625
0 0.4714532875 0.540540540625 0.34478497343750003 0.546502384375 0.33551655937499997 0.7710651828125 0.472689075 0.8008744046875 0.4714532875 0.540540540625
0 0.3404597140625 0.561406996875 0.1828966890625 0.548489665625 0.16127039062499998 0.7700715406249999 0.3373702421875 0.7849761515625 0.3404597140625 0.561406996875