0 0.40229885000000004 0.5111607140625 0.48491379375 0.5386904765625 0.5079022984375 0.484375 0.4295977015625 0.44940476250000005 0.40229885000000004 0.5111607140625
0 0.5093390796875 0.48363095312500004 0.52729885 0.4427083328125 0.45258620625 0.40178571406249997 0.4331896546875 0.446428571875 0.5093390796875 0.48363095312500004
0 0.522270115625 0.43526785781250005 0.5409482765625 0.39657738125 0.4698275859375 0.3675595234375 0.45905172343749995 0.3980654765625 0.522270115625 0.43526785781250005
0 0.540229884375 0.389880953125 0.5581896546875 0.3474702375 0.48275862031249994 0.32142857187499996 0.4705459765625 0.3645833328125 0.540229884375 0.389880953125
0 0.5560344828125 0.3400297625 0.57758620625 0.2730654765625 0.4942528734375 0.2514880953125 0.4820402296875 0.315476190625 0.5560344828125 0.3400297625
0 0.47270114999999996 0.2991071421875 0.486350575 0.250744046875 0.41091954062499997 0.2232142859375 0.397270115625 0.278273809375 0.47270114999999996 0.2991071421875
0 0.4554597703125 0.3474702375 0.4705459765625 0.296875 0.3936781609375 0.2827380953125 0.3807471265625 0.3244047625 0.4554597703125 0.3474702375
0 0.4410919546875 0.4047619046875 0.4554597703125 0.3489583328125 0.3807471265625 0.3303571421875 0.3670977015625 0.375744046875 0.4410919546875 0.4047619046875
0 0.4166666671875 0.4375 0.4418103453125 0.40550595312500004 0.362068965625 0.3735119046875 0.351293103125 0.4077380953125 0.4166666671875 0.4375
0 0.3922413796875 0.4895833328125 0.4188218390625 0.4427083328125 0.3462643671875 0.415178571875 0.33045977031249996 0.459821428125 0.3922413796875 0.4895833328125
0 0.3807471265625 0.5505952375 0.40086206874999997 0.502976190625 0.3204022984375 0.46875 0.298132184375 0.514880953125 0.3807471265625 0.5505952375
0 0.467727675 0.5714285718750001 0.4783377546875 0.540293040625 0.40318302343749995 0.5164835171875 0.38638373125 0.54945055 0.467727675 0.5714285718750001
0 0.36693191875000003 0.565934065625 0.374889478125 0.546703296875 0.29973474843750003 0.522893771875 0.2802829359375 0.5714285718750001 0.303271440625 0.6236263734375 0.3793103453125 0.5897435890625 0.36693191875000003 0.565934065625
0 0.467727675 0.5650183156249999 0.452696728125 0.5622710625 0.3934571171875 0.5934065921875 0.407603890625 0.624542125 0.47922192812500003 0.5897435890625 0.467727675 0.5650183156249999
0 0.30493576718750004 0.621148459375 0.323867478125 0.6645658265625001 0.39824205468749996 0.62745098125 0.3806626109375 0.5917366953125 0.30493576718750004 0.621148459375
0 0.419878296875 0.6701680671875 0.40365111562499995 0.6260504203124999 0.3265720078125 0.6687675078125 0.34212305625 0.7065826328125 0.419878296875 0.6701680671875
0 0.5057471265625 0.6281512609375 0.48546315 0.5875350140625 0.41108857343749994 0.6239495796875001 0.4279918859375 0.66526610625 0.5057471265625 0.6281512609375
0 0.44016227187499996 0.715686275 0.423258959375 0.6666666671875 0.346855984375 0.7100840328125 0.3644354296875 0.7507002796875 0.44016227187499996 0.715686275
0 0.5240027046875 0.6722689078124999 0.5077755234375 0.62745098125 0.43069641562500005 0.667366946875 0.44827586249999996 0.7114845937500001 0.5240027046875 0.6722689078124999
0 0.5442866796875 0.7121848734375 0.5260311015625 0.6757703078125 0.44895199375 0.7149859937499999 0.465179175 0.755602240625 0.5442866796875 0.7121848734375
0 0.36308316406249996 0.7514005609375001 0.382014875 0.7934173671875 0.4543610546875 0.7577030812500001 0.436781609375 0.7184873953124999 0.36308316406249996 0.7514005609375001
0 0.40365111562499995 0.8326330531250001 0.423935090625 0.8375350140625001 0.48208248906250006 0.8123249296875 0.4590939828125 0.755602240625 0.3853955375 0.7927170875 0.40365111562499995 0.8326330531250001
0 0.5456389453125 0.778711484375 0.55780933125 0.752100840625 0.5442866796875 0.7163865546875 0.46788370625000003 0.755602240625 0.4895199453125 0.8060224093749999 0.5456389453125 0.778711484375
0 0.7538877625 0.2794117640625 0.7694388109375 0.21358543437500002 0.682217715625 0.1890756296875 0.66125760625 0.25 0.7538877625 0.2794117640625
0 0.662609871875 0.25140056093749996 0.64773495625 0.2997198875 0.7336037859375 0.3263305328125 0.7464503046875001 0.2801120453125 0.662609871875 0.25140056093749996
0 0.64773495625 0.301120446875 0.6335361734375 0.35224089687500004 0.7200811359375 0.3795518203125 0.73427991875 0.3298319328125 0.64773495625 0.301120446875
0 0.8194726156250001 0.2934173671875 0.765382015625 0.27661064375 0.7390128453125 0.35574229687500003 0.8248816765625 0.37885154062500004 0.83772819375 0.3298319328125 0.8194726156250001 0.2934173671875
0 0.74104124375 0.3578431375 0.7248140624999999 0.41176470624999995 0.8113590265624999 0.4299719890625 0.8235294109375 0.38095238125 0.74104124375 0.3578431375
0 0.7248140624999999 0.41176470624999995 0.7119675453125 0.4621848734375 0.795807978125 0.4838935578125 0.8066260984375001 0.43347338906250005 0.7248140624999999 0.41176470624999995
0 0.7112914124999999 0.46428571406249997 0.6984448953125 0.514005603125 0.7816091953125001 0.5385154062499999 0.7944557140625 0.486694678125 0.7112914124999999 0.46428571406249997
0 0.699121028125 0.516806721875 0.6862745109375 0.5665266109375 0.7667342796875001 0.5854341734374999 0.778904665625 0.5413165265625001 0.699121028125 0.516806721875
0 0.68086545 0.5665266109375 0.6565246796875 0.6610644265625 0.743745775 0.686274509375 0.7674104125000001 0.5910364140625 0.68086545 0.5665266109375
0 0.705882353125 0.43347338906250005 0.718728871875 0.3802521015625 0.6375929671875 0.35574229687500003 0.6213657875 0.41036414531250004 0.705882353125 0.43347338906250005
0 0.615956728125 0.41036414531250004 0.606490871875 0.451680671875 0.6916835703124999 0.4845938375 0.7038539546875 0.43417366875 0.615956728125 0.41036414531250004
0 0.6078431375 0.45868347343749993 0.592968221875 0.514005603125 0.679513184375 0.5434173671875 0.6923597015625 0.48809523749999995 0.6078431375 0.45868347343749993
0 0.5936443546875 0.514005603125 0.5774171734375 0.56582633125 0.6653144015625 0.5910364140625 0.6781609203125 0.5455182078124999 0.5936443546875 0.514005603125
0 0.58823529375 0.651960784375 0.6416497624999999 0.663865546875 0.6653144015625 0.5917366953125 0.5740365109375001 0.5686274515624999 0.5638945234375 0.6043417375 0.58823529375 0.651960784375
0 0.3441514546875 0.2549019609375 0.35564570624999997 0.21218487343749998 0.277214334375 0.18837535 0.2650439484375 0.2296918765625 0.3441514546875 0.2549019609375
0 0.3313049359375 0.2990196078125 0.3434753203125 0.25420168125 0.2670723453125 0.2317927171875 0.256930359375 0.2682072828125 0.3313049359375 0.2990196078125
0 0.25219743125 0.2717086828125 0.2393509125 0.3165266109375 0.31169709375 0.3473389359375 0.329952671875 0.30042016718750003 0.25219743125 0.2717086828125
0 0.23597025 0.31512605 0.21703853906249998 0.359243696875 0.2954699125 0.3914565828125 0.31237322500000003 0.3550420171875 0.23597025 0.31512605
0 0.267748478125 0.4509803921875 0.2954699125 0.3921568625 0.217714671875 0.3641456578125 0.191345503125 0.4194677875 0.267748478125 0.4509803921875
0 0.1920216375 0.4194677875 0.16835699843750002 0.47128851562499996 0.24814063593750002 0.5028011203125 0.26639621406249997 0.45238095312500004 0.1920216375 0.4194677875
0 0.16835699843750002 0.47408963593750003 0.15212981718750002 0.516806721875 0.2285327921875 0.5525210078125 0.2461122375 0.505602240625 0.16835699843750002 0.47408963593750003
0 0.2197430703125 0.5714285718750001 0.2244759984375 0.5518207281249999 0.15280595 0.5196078421875 0.13657876875 0.5518207281249999 0.1886409734375 0.5763305328125 0.2197430703125 0.5714285718750001
0 0.2237998640625 0.6029411765625 0.22312373281250003 0.5686274515624999 0.1832319140625 0.5742296921875 0.1392833 0.598039215625 0.151453684375 0.6393557421875 0.2237998640625 0.6029411765625
0 0.15821501093749998 0.637254903125 0.180527384375 0.68487395 0.254225828125 0.6484593828125 0.2325895875 0.6015406171875 0.15821501093749998 0.637254903125
0 0.17917511875 0.686274509375 0.198106828125 0.7296918765625 0.2697768765625 0.68837535 0.2549019609375 0.6491596640624999 0.17917511875 0.686274509375
0 0.19743069687499998 0.728991596875 0.217714671875 0.7724089625 0.29141311718749996 0.7338935578125 0.27383367187499996 0.690476190625 0.19743069687499998 0.728991596875
0 0.21703853906249998 0.77310924375 0.23597025 0.8144257703125 0.31237322500000003 0.775210084375 0.29208924999999997 0.7338935578125 0.21703853906249998 0.77310924375
0 0.23597025 0.81582633125 0.256254225 0.855742296875 0.329952671875 0.8151260499999999 0.31237322500000003 0.77661064375 0.23597025 0.81582633125
0 0.3461798515625 0.8529411765624999 0.329952671875 0.8186274515624999 0.257606490625 0.856442578125 0.27924273125 0.906162465625 0.34077079062500004 0.8823529421874999 0.3461798515625 0.8529411765624999
0 0.27653820156250003 0.9187675078125 0.2461122375 0.8585434171875 0.1649763359375 0.8956582624999999 0.1825557796875 0.9411764703125 0.20960108125 0.9509803921875 0.27653820156250003 0.9187675078125
0 0.1555104796875 0.8536414578124999 0.173766059375 0.8921568625 0.2467883703125 0.855742296875 0.22718052812499998 0.8144257703125 0.1555104796875 0.8536414578124999
0 0.13455037187500002 0.8123249296875 0.1534820828125 0.8536414578124999 0.229208925 0.817226890625 0.21230561093749997 0.7738095234375 0.13455037187500002 0.8123249296875
0 0.11156186718750001 0.7647058828125 0.13252197500000001 0.8081232484375 0.2102772140625 0.7724089625 0.190669371875 0.7296918765625 0.11156186718750001 0.7647058828125
0 0.09398242031250001 0.7254901968749999 0.11291413125000001 0.7689075625 0.1886409734375 0.7275910375 0.17038539531250002 0.686974790625 0.09398242031250001 0.7254901968749999
0 0.06490872187499999 0.6799719890625 0.0933062890625 0.7282913171875001 0.1697092625 0.6855742296875 0.1487491546875 0.6463585421875 0.06490872187499999 0.6799719890625
0 0.1271129140625 0.5791316531249999 0.031778228125 0.6267507 0.0554428671875 0.6855742296875 0.1467207578125 0.6379551828125 0.1271129140625 0.5791316531249999
0 0.044624745312500005 0.6183473390625001 0.12643678125 0.578431371875 0.118323190625 0.563725490625 0.12440838437499999 0.5455182078124999 0.0567951328125 0.514005603125 0.031778228125 0.5700280109375 0.044624745312500005 0.6183473390625001
0 0.07302231249999999 0.4698879546875 0.05409060156249999 0.5119047625 0.125084515625 0.544817928125 0.14198782968749998 0.502100840625 0.07302231249999999 0.4698879546875
0 0.0885733609375 0.4257703078125 0.06964165 0.4677871140625 0.14739688906249998 0.5035014 0.1643002015625 0.45868347343749993 0.0885733609375 0.4257703078125
0 0.11156186718750001 0.3697478984375 0.084516565625 0.42507002812500005 0.16362407031249998 0.45658263281250006 0.18593644375 0.406162465625 0.11156186718750001 0.3697478984375
0 0.1392833 0.306022409375 0.1135902625 0.359243696875 0.191345503125 0.3949579828125 0.2136578765625 0.34383753437500003 0.1392833 0.306022409375
0 0.15212981718750002 0.26890756250000003 0.13657876875 0.306022409375 0.21298174531249997 0.342436975 0.23394185312500002 0.2990196078125 0.15212981718750002 0.26890756250000003
0 0.1717376609375 0.22619047656250002 0.1568627453125 0.2696078421875 0.23394185312500002 0.2962184875 0.25152129843750004 0.25 0.1717376609375 0.22619047656250002
0 0.1825557796875 0.1771708671875 0.16565246718749999 0.22408963593750003 0.24949290156249998 0.24719887968749998 0.263691684375 0.2030812328125 0.1825557796875 0.1771708671875
0 0.190669371875 0.1568627453125 0.1784989859375 0.1757703078125 0.26233941875 0.20378151249999998 0.2670723453125 0.18487395 0.190669371875 0.1568627453125
0 0.098039215625 1 0.13455037187500002 0.986694678125 0.141311696875 0.952380953125 0.12035158906250001 0.9194677875 0.04665314375 0.9537815125 0.0676132515625 0.9978991593750001 0.098039215625 1
0 0.031102096875000002 0.9110644265625 0.0473292765625 0.951680671875 0.12440838437499999 0.9166666671874999 0.10074374531250001 0.8732493 0.031102096875000002 0.9110644265625
0 0.0108181203125 0.8739495796875 0.026369167187499997 0.9103641453125 0.101419878125 0.8704481796874999 0.0872210953125 0.8312324921875 0.0108181203125 0.8739495796875
0 0 0.825630253125 0.0141987828125 0.8676470578125001 0.0824881671875 0.8305322125 0.06626098750000001 0.7892156859375 0 0.825630253125
0 0.5936781609375 0.1928571421875 0.5810344828125 0.1696428578125 0.451149425 0.134523809375 0.42816092031249997 0.1494047625 0.41206896562499995 0.225 0.5712643671875 0.2732142859375 0.5936781609375 0.1928571421875
0 0.35229885 0.20892857187499997 0.37471264375 0.133928571875 0.362643678125 0.10476190468749999 0.25977011562499996 0.077380953125 0.20114942500000002 0.108928571875 0.188505746875 0.15595238125 0.35229885 0.20892857187499997
0 0.5988505749999999 0.8416666671874999 0.5321839078124999 0.847619046875 0.5327586203125 0.8726190468749999 0.47298850625 0.8744047625 0.52528735625 0.9982142859375 0.8431034484375 0.9952380953125 0.863793103125 0.9446428578124999 0.8568965515625001 0.927976190625 0.836206896875 0.9452380953124999 0.8333333328125001 0.8761904765624999 0.8143678156249999 0.8797619046875 0.809770115625 0.7821428578125 0.7074712640625 0.7857142859375 0.7086206890625 0.8071428578125 0.5954022984375 0.8130952375 0.5988505749999999 0.8416666671874999
0 0.0017241374999999999 0.7690476187499999 0.0017241374999999999 0.8214285718750001 0.061494253124999995 0.7892857140625 0.0454022984375 0.7511904765625 0.0017241374999999999 0.7690476187499999